state={
	id=132
	name="STATE_132"
	provinces={
		11 65 82 87 304 344 470 497 567 720 831 846 931 1091 1262 1274 1415 1488 1679 1764 1830 1898 1966 2002 2077 2088 2094 2097 2160 2300 2333 2449 2633 2835 2963 2982 3091 3366 3391 3439 3484 3653 3770 3985 4006 4274 4433 4442 4465 4499 4534 4570 4627 4638 4646 4710 4768 4887 4918 5041 5191 5260 5269 5411 5462 5668 5876 5900 6019 6040 6058 6082 6122 12211 12218 12228 12243 12244 12245 12250 12252 12256 12257 12261 12262 12275 12276 12282 12283 12285 12287 12290 12296 12304 12305 12306 12315 12317 12318 12319 12320 12325 12328 12331 12333 12334 12343 12344 12345 12349 12350 12351 12361 12363 12364 12365 12373 12380 12388 12389 12393 12403 12407 12408 12410 12412 12415 12418 12423 12428 12433 12434 12439 12440 12446 12449 12462 12476 12483 12484 12485 12489 12491 12493 12501 12512 12514 12516 12519 12523 12525 12527 12533 12535 12539 12540 12546 12547 12548 12558 12560 12561 12566 12568 12570 12573 12574 12575 12578 12579 12581 12582 12584 12585 12588 12590 12591 12594 12607 12614 
	}
	buildings_max_level_factor=1.000
        manpower=1
        state_category = town
}
