state={
	id=134
	name="STATE_134"
	provinces={
		21 32 174 207 247 713 1373 1472 1753 1774 2203 2286 2407 2715 2799 2985 3130 3271 3371 3628 3986 4296 4466 4506 4639 4716 4732 4793 4864 4879 5036 5127 5154 5341 5401 5402 5644 5706 6048 6209 12225 12251 12253 12254 12255 12265 12267 12269 12272 12274 12279 12280 12288 12289 12291 12294 12295 12298 12302 12303 12307 12308 12314 12316 12323 12327 12332 12340 12341 12347 12348 12354 12359 12360 12366 12368 12372 12378 12382 12386 12387 12391 12396 12397 12402 12406 12445 12461 12464 12504 
	}
	buildings_max_level_factor=1.000
        manpower=1
        state_category = town
}
