state={
	id=142
	name="STATE_142"
	provinces={
		120 172 229 363 695 706 737 757 806 878 900 909 1549 1559 1578 1601 1606 1778 1917 2004 2056 2151 2254 2310 2398 2504 2522 2794 2827 2916 2934 2993 3066 3269 3305 3358 3376 3444 3489 3517 3549 3587 3594 3676 3712 3735 3998 4009 4447 4507 4569 4849 4866 4897 4927 4948 5031 5134 5389 5408 5507 5621 5678 5829 5971 5980 5991 6025 6263 12286 12301 12312 12313 12330 12339 12342 12357 12358 12371 12377 12405 12409 12421 12422 12429 12432 12437 12438 12443 12444 12451 12456 12457 12458 12465 12466 12469 12470 12474 12475 12478 12479 12486 12490 12492 12497 12500 12503 12505 12509 12510 12511 12517 12518 12521 12522 12526 12531 12532 12536 12541 12543 12544 12545 12553 12555 12556 12565 
	}
	buildings_max_level_factor=1.000
        manpower=1
        state_category = town
}
