state={
	id=19
	name="STATE_19"
	provinces={
		5 9 12 25 33 77 81 111 115 126 128 130 139 143 153 159 170 191 224 270 309 313 326 332 337 339 391 396 416 429 451 454 461 477 503 519 535 537 540 541 553 554 574 592 598 601 602 614 633 643 661 662 723 746 764 771 774 776 804 840 849 882 886 901 921 930 970 984 988 990 1003 1015 1021 1026 1051 1106 1187 1190 1201 1220 1246 1253 1282 1299 1314 1366 1372 1385 1394 1416 1431 1445 1473 1515 1521 1535 1550 1595 1598 1647 1656 1658 1675 1713 1715 1752 1760 1833 1864 1907 1925 1941 1962 1963 1975 1993 2005 2064 2070 2090 2101 2153 2166 2222 2281 2292 2342 2358 2483 2497 2498 2499 2516 2555 2574 2575 2579 2597 2690 2743 2800 2825 2826 2838 2856 2922 2935 2955 2970 2973 3005 3006 3114 3185 3189 3256 3279 3287 3291 3338 3374 3451 3462 3473 3581 3647 3661 3662 3665 3684 3722 3780 3969 4005 4031 4032 4047 4112 4190 4247 4266 4275 4293 4336 4443 4493 4564 4609 4615 4623 4666 4679 4715 4718 4756 4784 4841 4856 4955 4969 5003 5012 5079 5102 5104 5163 5169 5180 5348 5385 5388 5403 5420 5498 5530 5547 5577 5625 5626 5652 5729 5796 5810 5866 5898 5911 5966 6072 6090 6215 6237 6255 6256 6704 6724 6725 6740 6752 6756 6757 6778 6786 6789 6798 6809 6817 6839 6844 6854 6861 6876 6890 6891 6892 6900 6901 6916 6923 6929 6932 6933 6944 6953 6959 6960 6969 6970 6977 6995 6996 7001 7006 7012 7013 7015 7025 7030 7039 7049 7053 7066 7067 7070 7075 7079 7089 7101 7106 7112 7117 7128 7133 7140 7154 7161 7162 7180 7181 7191 7208 7217 7219 7220 7224 7241 7245 7249 7250 7261 7265 7272 7273 7281 7288 7292 7296 7297 7300 7301 7302 7307 7308 7326 7327 7328 7335 7342 7346 7347 7360 7368 7379 7380 7381 7386 7387 7392 7393 7400 7405 7409 7410 7423 7431 7432 7436 7441 7442 7450 7451 7452 7453 7456 7469 7475 7476 7483 7484 7489 7490 7500 7508 7510 7517 7518 7519 7520 7538 7550 7551 7561 7562 7592 7593 7604 7609 7617 7623 7624 7630 7631 7635 7650 7653 7660 7661 7668 7675 7681 7698 7713 7725 7734 7793 7825 7839 8047 8220 8643 8831 8989 
	}
	buildings_max_level_factor=1.000
        manpower=1
        state_category = town
}
