state={
	id=3
	name="STATE_3"
	provinces={
		367 616 666 854 1058 1124 1218 1300 2500 2539 2797 2877 3110 3138 3211 3301 3666 4054 4060 4181 4426 4486 4877 5076 5252 5289 5344 5583 5719 5797 5821 5868 6136 6150 6269 6272 6274 6275 6276 6277 6279 6280 6282 6283 6284 6285 6286 6288 6289 6294 6295 6296 6297 6298 6301 6302 6304 6306 6308 6309 6310 6311 6312 6315 6316 6317 6324 6325 6330 6334 6335 6338 6343 6348 6355 6358 
	}
	buildings_max_level_factor=1.000
        manpower=1
        state_category = town
}
