state={
	id=38
	name="STATE_38"
	provinces={
		45 63 150 187 214 355 548 646 732 1078 1168 1195 1295 1364 1365 1393 1435 1449 1509 1539 1802 2250 2257 2269 2396 2427 2467 2583 2727 2895 3129 3145 3495 3660 3738 3983 4000 4174 4262 4298 4338 4363 4449 4487 4953 5249 5266 5330 5537 5798 5838 5934 5940 7531 7573 7642 7702 7774 7809 7818 7835 7864 7951 7956 7972 8007 8039 8214 8230 8255 8276 8293 8309 8318 8323 8331 8338 8346 8349 8352 8355 8364 8371 8379 8394 8395 8396 8405 8412 8425 8429 8433 8451 8459 8474 8475 8502 8513 
	}
	buildings_max_level_factor=1.000
        manpower=1
        state_category = town
}
