state={
	id=39
	name="STATE_39"
	provinces={
		687 922 1480 1543 1554 1748 1795 1798 1804 1886 1969 1984 2138 2150 2212 2247 2275 2365 2420 2469 2523 2669 2789 2829 2878 3031 3069 3359 3757 3860 3954 4042 4201 4278 4428 4489 4641 4765 4924 4926 5002 5042 5144 5343 5356 5367 5464 5687 5815 6100 6106 7150 7156 7158 7163 7170 7171 7173 7182 7185 7186 7193 7212 7213 7222 7227 7230 7251 7252 7257 7279 7316 7336 7343 7351 7375 7376 7384 7388 7420 7465 7470 7493 7506 7509 7511 7526 7553 7564 7575 7576 7594 7606 7615 7618 7619 7626 7655 7656 7663 7664 7669 7670 7699 7718 7742 7747 7758 7763 7771 7775 7789 7798 7821 7824 7832 7833 7849 7855 7866 7888 7890 7892 7911 7912 7928 
	}
	buildings_max_level_factor=1.000
        manpower=1
        state_category = town
}
