state={
	id=53
	name="STATE_53"
	provinces={
		176 231 266 320 403 466 536 565 566 618 796 810 829 858 1073 1181 1189 1209 1455 1490 1500 1517 1520 1540 1571 1574 1646 1789 1837 1852 1952 2006 2020 2029 2033 2118 2120 2256 2287 2307 2313 2351 2356 2371 2402 2451 2462 2463 2507 2515 2537 2581 2624 2689 2744 2752 2762 2845 2855 2914 3061 3077 3141 3149 3168 3210 3223 3308 3313 3337 3427 3602 3614 3839 3861 3914 3919 3961 4081 4097 4103 4152 4156 4157 4409 4411 4424 4429 4481 4494 4549 4555 4607 4612 4628 4665 4682 4692 4720 4763 4811 4885 4944 4946 4947 4954 5040 5059 5091 5145 5231 5243 5336 5432 5509 5542 5566 5631 5640 5659 5682 5843 5885 5897 5948 5984 5985 6004 6017 6018 6028 6068 6085 6119 6135 6142 6158 6191 6202 7767 7782 7791 7807 7808 7816 7819 7822 7828 7829 7836 7845 7850 7852 7861 7862 7868 7869 7875 7881 7885 7893 7896 7899 7904 7906 7910 7917 7921 7924 7926 7931 7932 7937 7943 7949 8203 8223 8234 8237 8250 8262 8266 8279 8284 8285 8289 8292 8298 8303 8307 8308 8312 8317 8322 8335 8336 8343 8344 8345 8348 8360 8361 8369 8370 8372 8373 8374 8378 8384 8385 8393 8397 8398 8399 8404 8407 8415 8416 8417 8418 8424 8441 8443 8450 8454 8455 8456 8458 8467 8468 8473 8488 8489 8490 8499 8500 8501 8508 8509 8510 8512 8521 8530 8535 8539 8540 8542 8543 8548 8549 8554 8555 8568 8575 8576 8577 8580 8585 8588 8589 8600 8604 8614 8615 8622 8623 8624 8645 8651 8652 8653 8654 8663 8664 8665 8681 8687 8691 8692 8700 8701 8707 8726 8727 8738 8749 8756 8758 8764 8765 8771 8790 8795 8796 8797 8809 8819 8820 8822 8827 8828 8837 8840 8841 8842 8846 8847 8854 8859 8873 8879 8880 8894 8895 8918 8927 8960 8961 8976 8982 8990 8991 8997 9000 9022 9066 9073 9079 9092 
	}
	buildings_max_level_factor=1.000
        manpower=1
        state_category = town
}
