state={
	id=54
	name="STATE_54"
	provinces={
		78 283 386 712 1146 1313 1322 1567 1683 1824 1867 2092 2186 2397 2432 2445 2585 2992 3060 3079 3097 3247 3383 3454 3616 3997 4061 4360 4382 4394 4816 4917 5131 5215 5222 5362 5814 5833 5909 5921 6114 7826 7843 7846 7865 7876 7891 7895 7900 7933 7947 7948 7965 7966 7980 7983 7984 7986 8009 8017 8035 8040 8049 8053 8056 8063 8069 8077 8080 8081 8088 8100 8101 8102 8109 8117 8128 8129 8131 8143 8148 8152 8160 8173 8194 8199 8206 8221 
	}
	buildings_max_level_factor=1.000
        manpower=1
        state_category = town
}
