state={
	id=83
	name="STATE_83"
	provinces={
		112 116 182 221 288 333 387 388 438 525 542 550 629 657 671 727 877 889 918 934 959 1133 1203 1281 1343 1388 1629 1667 1682 1719 1722 1793 1794 1844 1967 1974 2026 2190 2200 2210 2232 2280 2382 2421 2433 2435 2533 2570 2682 2691 2701 2738 2805 2889 2957 2966 2987 3029 3180 3249 3284 3293 3410 3437 3558 3639 3731 3734 3737 3782 3850 4017 4036 4044 4119 4125 4167 4204 4231 4245 4284 4302 4357 4366 4387 4524 4554 4585 4591 4799 4845 4852 4899 5050 5054 5094 5108 5190 5241 5245 5290 5295 5328 5386 5410 5451 5483 5519 5575 5600 5632 5649 5672 5746 5860 5862 5893 6000 6038 6064 6097 6163 6211 6227 9085 9099 9108 9118 9128 9129 9136 9146 9147 9148 9180 9181 9212 9217 9235 9239 9244 9245 9256 9260 9270 9275 9289 9292 9293 9294 9302 9316 9317 9321 9329 9337 9338 9342 9349 9350 9358 9367 9385 9388 9389 9398 9399 9400 9416 9425 9437 9445 9446 9447 9461 9462 9463 9471 9481 9482 9497 9498 9499 9500 9502 9508 9509 9536 9537 9538 9541 9555 9556 9557 9558 9562 9567 9568 9575 9576 9588 9594 9595 9602 9603 9608 9609 9615 9619 9620 9631 9642 9652 9653 9660 9672 9679 9684 9697 9715 9727 9734 9735 9742 9751 9755 9759 9769 9775 9776 9791 9792 9826 9832 9840 9846 9856 9857 9870 9874 9880 9881 9891 9892 9895 9904 9916 9917 9922 9923 9944 9951 9953 9954 9969 9977 9978 9979 9997 10010 10023 10031 10045 10046 10047 10071 10072 10075 10082 10106 10121 10132 10137 10164 10170 10177 10190 10209 10210 10225 10240 10252 10259 10273 10297 10323 10324 10332 10343 
	}
	buildings_max_level_factor=1.000
        manpower=1
        state_category = town
}
