state={
	id=112
	name="STATE_112"
	provinces={
		18 99 174 176 224 308 318 355 373 458 472 492 593 653 680 683 697 710 732 764 880 895 898 998 1073 1082 1111 1192 1206 1218 1353 1383 1429 1453 1563 1571 1588 1602 1738 1985 2162 2281 2337 2464 2691 2719 2722 2735 2811 2870 2889 2893 2972 3170 3205 3210 3212 3316 3459 3504 3554 3619 3720 3774 3819 3909 3929 3988 4009 4160 4188 4238 4320 4369 4493 4533 4732 4742 4912 4939 4985 4986 5091 5140 5188 5295 5311 5357 5481 5587 5659 5692 5755 5781 5785 8681 8691 8723 8724 8753 8766 8769 8781 8802 8828 8837 8845 8855 8865 8873 8881 8887 8888 8896 8916 8917 8919 8926 8935 8949 8962 8964 8965 8970 8979 8985 8991 8995 8996 8998 9007 9020 9024 9027 9030 9061 9062 9066 9071 9082 9106 9118 9124 9136 9153 9162 9181 9182 9205 9254 9258 9269 9272 9273 9276 9277 9282 9286 9290 9291 9302 9304 9309 9316 9319 9336 9341 9353 9355 9379 9443 9450 
	}
	buildings_max_level_factor=1.000
        manpower=1
        state_category = town
}
