state={
	id=119
	name="STATE_119"
	provinces={
		45 141 267 319 351 387 418 433 530 534 614 642 674 800 997 1100 1109 1144 1246 1378 1451 1459 1491 1606 1642 1750 1767 1840 1865 1914 1932 1937 1943 1999 2113 2120 2151 2184 2396 2430 2436 2481 2643 2667 2674 2687 2716 2757 2851 2954 2957 2998 3054 3085 3190 3252 3312 3320 3340 3452 3462 3464 3500 3663 3743 3817 3839 4043 4098 4103 4126 4142 4288 4386 4411 4438 4446 4526 4628 4653 4748 4780 4805 4828 4851 4864 4873 4898 4910 4922 4951 4977 4980 5017 5076 5087 5139 5192 5239 5370 5445 5484 5488 5662 5743 5783 5791 5850 9121 9170 9207 9229 9232 9233 9237 9238 9242 9253 9256 9261 9262 9263 9270 9271 9278 9279 9280 9292 9294 9295 9296 9305 9306 9310 9314 9315 9317 9320 9323 9327 9328 9329 9331 9333 9335 9338 9345 9347 9349 9352 9357 9359 9372 9373 9374 9377 9378 9384 9387 9389 9393 9407 9409 9416 9419 9424 9425 9427 9428 9432 9444 9459 9471 
	}
	buildings_max_level_factor=1.000
        manpower=1
        state_category = town
}
