state={
	id=130
	name="STATE_130"
	provinces={
		23 255 290 395 528 537 558 568 617 634 751 752 897 950 980 996 1044 1048 1077 1418 1485 1729 1796 1799 2382 2493 2496 2515 2580 2584 2591 2657 2927 3002 3019 3202 3251 3328 3369 3383 3450 3531 3571 3710 3962 3976 4089 4241 4303 4427 4513 4557 4588 4683 4734 4790 4876 4887 4892 4911 5037 5191 5233 5235 5283 5356 5581 5703 5765 5767 5849 5887 9435 9439 9440 9455 9457 9483 9505 9506 9515 9516 9532 9533 9534 9545 9552 9555 9557 9570 9581 9596 9621 9648 9651 9657 9680 9694 9701 9705 9711 9713 9714 9734 
	}
	buildings_max_level_factor=1.000
        manpower=1
        state_category = town
}
