state={
	id=158
	name="STATE_158"
	provinces={
		69 94 455 745 836 857 881 930 975 1020 1229 1686 1983 2009 2129 2160 2289 2357 2508 2549 2629 2731 2852 3065 3118 3156 3291 3620 4017 4082 4174 4250 4271 4519 4792 5048 5061 5193 5599 5606 5739 5847 5905 5910 5911 5912 5924 5930 5933 5942 5943 5944 5947 5950 5954 5957 5961 5964 5969 5972 5973 5977 5984 5989 6001 6003 6012 6019 6026 6040 6043 6048 6050 6061 6065 6080 6089 
	}
	buildings_max_level_factor=1.000
        manpower=1
        state_category = town
}
