state={
	id=168
	name="STATE_168"
	provinces={
		206 293 385 502 529 761 805 959 1017 1053 1105 1140 1181 1262 1295 1441 1511 1512 1630 1702 1776 1784 1826 1916 1953 2033 2312 2426 2506 2534 2536 2569 2622 2678 2690 2795 2875 2899 3349 3602 3608 3780 3920 4227 4337 4389 5115 5247 5320 5351 5441 5617 5814 5843 6679 6846 6868 6940 6946 6972 6973 7000 7008 7018 7030 7031 7034 7035 7042 7043 7053 7070 7088 7089 7109 7128 7140 7146 7197 7221 7231 7247 7312 7320 
	}
	buildings_max_level_factor=1.000
        manpower=1
        state_category = town
}
