state={
	id=170
	name="STATE_170"
	provinces={
		514 583 956 1530 1678 1765 1988 2280 2296 2475 2597 2718 2740 3076 3128 3253 3294 3555 3754 3813 3876 3919 4086 4114 4213 4225 4296 4371 4469 4601 4650 4871 4925 4998 5262 5278 5294 5474 5835 5873 7122 7130 7143 7150 7156 7164 7165 7166 7169 7170 7175 7176 7179 7180 7183 7187 7188 7190 7191 7192 7198 7209 7210 7213 7214 7217 7218 7228 7232 7233 7241 7244 7245 7248 7252 7253 7257 7261 7263 7271 7273 7281 7285 7288 7289 7293 7294 7306 7307 7311 7324 7328 7342 7354 
	}
	buildings_max_level_factor=1.000
        manpower=1
        state_category = town
}
