state={
	id=173
	name="STATE_173"
	provinces={
		27 68 72 292 335 396 574 662 668 894 941 973 999 1217 1247 1267 1269 1286 1337 1462 1603 1607 1613 1615 1718 1813 1848 2083 2183 2205 2320 2533 2759 2805 2808 2891 2946 3039 3159 4125 4131 4186 4216 4229 4291 4307 4328 4363 4447 4593 4681 4853 4869 4889 4979 5022 5221 5330 5362 5419 5716 5719 5770 6957 6989 6998 7062 7074 7108 7114 7168 7212 7242 7246 7278 7283 7296 7308 7326 7361 7377 7379 7396 7397 7403 7404 7436 7455 7474 
	}
	buildings_max_level_factor=1.000
        manpower=1
        state_category = town
}
