state={
	id=174
	name="STATE_174"
	provinces={
		73 394 450 538 685 856 954 1015 1147 1201 1376 1404 1487 1493 1533 1610 1778 1843 1960 2098 2190 2443 2581 2767 2878 2901 3118 3358 3564 3604 3897 3923 3932 3965 4074 4150 4248 4253 4296 4453 4500 4789 4859 4943 4948 5076 5226 5230 5888 5950 5958 5973 5994 5995 6011 6022 6046 6059 6071 6090 6095 6111 6112 6117 6119 6122 6139 6148 6163 6178 6187 6189 6207 6226 6299 
	}
	buildings_max_level_factor=1.000
        manpower=1
        state_category = town
}
