state={
	id=177
	name="STATE_177"
	provinces={
		103 212 240 252 298 521 553 560 628 631 638 646 754 856 890 961 1103 1191 1198 1288 1336 1354 1437 1502 1520 1573 1601 1661 1685 1728 1820 1868 1895 1902 1921 1923 1925 1950 1984 1992 2149 2194 2563 2588 2633 2709 2747 2776 2829 2869 2943 3023 3043 3053 3061 3096 3147 3151 3199 3299 3333 3358 3394 3492 3533 3592 3623 3685 3744 3784 3796 3843 3889 3931 4016 4023 4051 4106 4219 4258 4289 4308 4309 4350 4365 4459 4496 4534 4536 4539 4686 4696 4728 4756 4787 4789 4882 4927 5035 5042 5065 5205 5388 5389 5614 5634 5682 5683 5698 5748 5752 5775 5836 5845 5869 6747 6748 6783 6799 6809 6829 6831 6840 6857 6865 6881 6885 7013 7017 7037 7038 7049 7059 7061 7065 7078 7081 7091 7093 7099 7104 7105 7110 7113 7117 7120 7124 7135 7138 7144 7148 7154 7161 7162 7167 7171 7173 7177 7184 7189 7194 7195 7199 7200 7205 7211 7219 7220 7223 7226 7229 7230 7234 7236 7237 7238 7250 7251 7258 7259 7262 7264 7265 7268 7282 7301 7315 7322 7331 7332 7337 7344 7345 7353 7370 7371 7374 7375 7389 7395 7400 7408 7419 7422 7423 7431 7432 7435 7443 7446 7453 7458 7468 7472 7473 7475 7482 7483 7495 7501 7510 7520 7521 7526 7527 7542 7547 7553 7573 
	}
	buildings_max_level_factor=1.000
        manpower=1
        state_category = town
}
