state={
	id=178
	name="STATE_178"
	provinces={
		41 407 462 488 648 1125 1260 1634 1884 2168 2615 2680 2863 3072 3241 3287 3405 3666 3682 3766 3852 3875 3964 3972 4028 4065 4721 4899 4955 5031 5159 5176 5197 5237 5298 5439 5583 5613 5619 5782 5833 7386 7457 7479 7497 7505 7516 7519 7528 7530 7545 7566 7575 7577 7583 7589 7599 7600 7601 7602 7620 7630 7639 7647 7652 7655 7664 7671 7672 7675 7676 7679 7684 7694 7695 7721 7722 7724 7746 
	}
	buildings_max_level_factor=1.000
        manpower=1
        state_category = town
}
