state={
	id=180
	name="STATE_180"
	provinces={
		193 230 423 778 813 852 935 982 1023 1058 1114 1274 1367 1416 1526 1746 1881 2208 2217 2364 2444 2492 2499 2576 2651 2663 2715 2788 2823 2969 3014 3242 3268 3275 3439 3525 3569 3884 3991 4008 4046 4178 4183 4279 4516 4522 4525 4559 4852 5161 5480 5530 5601 5618 5670 5776 5888 7524 7529 7541 7562 7618 7627 7629 7650 7666 7683 7685 7712 7723 7744 7753 7758 7759 7773 7793 7794 7797 7804 7823 7845 7854 7872 7879 7880 7901 7941 
	}
	buildings_max_level_factor=1.000
        manpower=1
        state_category = town
}
