state={
	id=181
	name="STATE_181"
	provinces={
		209 214 232 374 742 828 833 888 984 1043 1484 1519 1626 1649 1698 1699 1787 2016 2089 2091 2095 2180 2271 2408 2575 2696 2714 2723 2810 3035 3089 3091 3244 3248 3399 3404 3794 3810 3850 3880 4366 4495 4624 4660 4778 4782 4823 4919 4990 5105 5153 5336 5425 5444 5455 5640 5750 5757 5774 7536 7539 7557 7561 7582 7585 7587 7594 7608 7612 7616 7633 7642 7645 7660 7674 7686 7698 7701 7715 7718 7740 7763 7767 7768 7769 7777 7785 7790 7798 7805 7808 7816 7830 7843 7867 7896 7898 7928 
	}
	buildings_max_level_factor=1.000
        manpower=1
        state_category = town
}
