state={
	id=182
	name="STATE_182"
	provinces={
		44 378 388 524 606 718 970 1012 1177 1182 1428 1436 1539 1645 1768 1793 1814 1924 1934 2067 2084 2191 2249 2361 2373 2438 2578 2590 2609 2710 2738 2783 2800 2813 3048 3193 3267 3273 3321 3323 3334 3521 3560 3706 3767 3859 4093 4111 4154 4298 4319 4376 4384 4398 4455 4657 4678 4802 4877 4881 4923 4992 4993 4999 5130 5131 5337 5418 5456 5498 5546 5763 5875 5896 7329 7339 7360 7387 7392 7409 7424 7449 7460 7477 7487 7506 7507 7522 7534 7538 7548 7549 7555 7556 7559 7560 7567 7580 7584 7586 7591 7592 7603 7621 7625 7626 7631 7632 7662 7665 7673 7687 7696 7702 7706 7711 7725 7729 7731 7732 7737 7755 7761 7799 7802 7807 7838 7842 7848 7892 7893 
	}
	buildings_max_level_factor=1.000
        manpower=1
        state_category = town
}
