state={
	id=186
	name="STATE_186"
	provinces={
		120 158 167 170 208 262 364 491 577 590 635 649 787 855 922 942 1022 1031 1123 1204 1258 1431 1463 1538 1640 1657 1703 1723 1752 1870 1942 2195 2206 2332 2490 2641 2692 2754 2877 2991 3027 3052 3148 3496 3580 3652 3786 3804 3863 3975 4034 4095 4313 4418 4688 4752 4839 4913 4967 5039 5082 5150 5274 5381 5566 5638 7637 7692 7704 7844 7858 7947 8026 8071 8077 8083 8084 8097 8108 8118 8136 8194 8196 8230 8234 8268 8281 8343 
	}
	buildings_max_level_factor=1.000
        manpower=1
        state_category = town
}
