state={
	id=187
	name="STATE_187"
	provinces={
		118 185 237 357 682 804 953 1068 1346 1389 1955 2003 2045 2304 2478 2504 2677 3041 3298 3517 3633 3726 3905 3941 4012 4035 4128 4236 4244 4358 4483 4680 4837 4954 5036 5147 5243 5323 5431 5625 5641 5762 5802 5861 7754 7791 7829 7836 7860 7869 7891 7904 7910 7920 7921 7922 7945 7950 7954 7955 7961 7970 7973 7978 7983 7990 7991 7995 8004 8005 8024 8028 8029 8038 8053 8062 8080 8085 8102 8114 8131 8139 8140 8157 8161 8183 8191 8199 8202 8214 
	}
	buildings_max_level_factor=1.000
        manpower=1
        state_category = town
}
