state={
	id=189
	name="STATE_189"
	provinces={
		37 532 533 659 796 947 1032 1268 1278 1481 1633 1771 1831 1960 2044 2156 2335 2348 2519 2819 2932 3108 3161 3204 3250 3343 3466 3659 3667 3735 3792 3917 4047 4090 4554 4602 4620 4848 5372 5410 5423 5446 5475 5502 5578 5594 5615 5684 5886 7949 7957 7958 7980 7989 8001 8007 8013 8022 8032 8040 8041 8073 8089 8100 8109 8113 8119 8150 8155 8168 8171 8182 8198 8211 8218 8240 8247 8248 8258 8271 8273 8294 8316 8329 8350 8355 8362 8364 8370 8401 8405 8441 8442 8461 8474 8496 
	}
	buildings_max_level_factor=1.000
        manpower=1
        state_category = town
}
