state={
	id=191
	name="STATE_191"
	provinces={
		121 123 379 692 759 827 879 1025 1042 1124 1133 1361 1365 1421 1424 1461 1469 1792 2010 2181 2248 2303 2448 2895 3060 3123 3274 3289 3622 3689 3746 3858 4055 4286 4314 4605 4668 4764 4810 4982 5122 5174 5326 5340 5413 5506 7875 7929 7932 7964 7966 8002 8067 8120 8122 8156 8190 8204 8213 8216 8229 8241 8252 8253 8264 8274 8277 8280 8291 8302 8306 8313 8317 8327 8345 8367 
	}
	buildings_max_level_factor=1.000
        manpower=1
        state_category = town
}
