state={
	id=194
	name="STATE_194"
	provinces={
		77 249 287 686 704 730 791 907 983 1072 1175 1325 1404 1445 1509 1541 1545 1599 1621 1622 1643 1713 1736 1817 2288 2512 2751 2815 2878 2988 3047 3066 3223 3391 3444 3480 3498 3736 3826 3845 3910 3943 4006 4032 4416 4457 4538 4816 4926 5038 5124 5293 5463 5700 5713 8088 8096 8106 8107 8111 8126 8133 8145 8149 8152 8162 8173 8180 8181 8184 8185 8203 8215 8220 8223 8224 8233 8237 8255 8282 8283 8299 8303 8304 8319 8332 8339 8341 8377 8390 8406 8423 8430 8448 8476 
	}
	buildings_max_level_factor=1.000
        manpower=1
        state_category = town
}
