state={
	id=197
	name="STATE_197"
	provinces={
		268 497 948 987 1011 1056 1150 1327 1340 1364 1552 1566 1572 1581 1617 1647 1775 2185 2211 2635 2642 2652 2784 2821 2822 2853 2855 2930 3025 3195 3243 3259 3389 3465 3513 3603 3734 3764 3896 4165 4202 4287 4343 4474 4572 4610 4675 4711 4842 4858 4966 5021 5206 5229 5236 5355 5500 5562 5598 5731 5846 8301 8325 8354 8369 8386 8400 8414 8421 8424 8434 8444 8468 8477 8484 8520 8539 8544 8554 8560 8568 8570 8578 8579 8580 8582 8600 8608 8624 8636 8662 8673 8677 8680 8687 8690 8709 8712 8718 8728 8747 8748 8771 8799 8800 8817 8825 8847 8869 8892 8899 8904 8923 8929 
	}
	buildings_max_level_factor=1.000
        manpower=1
        state_category = town
}
