state={
	id=198
	name="STATE_198"
	provinces={
		106 260 354 452 740 811 1083 1115 1136 1259 1294 1330 1392 1397 1439 1544 1579 1586 1590 1890 1908 1990 2017 2054 2158 2221 2376 2406 2468 2469 2488 2527 2612 2675 2697 2773 3001 3030 3059 3063 3540 3586 3639 3675 3700 3703 3755 3777 3816 3849 3906 3914 3945 4026 4052 4257 4406 4442 4510 4570 4669 4714 4885 4988 5085 5086 5179 5184 5217 5284 5543 5600 5602 5653 7963 7984 7993 8025 8030 8036 8056 8093 8128 8135 8160 8165 8188 8189 8209 8210 8239 8256 8266 8278 8290 8315 8321 8328 8346 8347 8353 8374 8407 8420 8459 8467 8472 8473 8491 8493 8511 8515 8535 8536 8549 8559 8564 8577 8587 8595 8603 8610 8635 8638 8639 8640 8679 8683 8752 8756 8759 8783 8827 8852 
	}
	buildings_max_level_factor=1.000
        manpower=1
        state_category = town
}
