state={
	id=199
	name="STATE_199"
	provinces={
		33 71 111 257 301 308 364 395 509 552 611 634 642 695 709 714 738 785 803 828 837 959 1014 1028 1047 1089 1159 1208 1240 1411 1580 1723 1767 1773 1797 1802 1908 1943 1966 2004 2027 2103 2263 2289 2389 2453 2590 2631 2687 2851 2944 2998 3079 3101 3141 3174 3241 3534 3542 3720 3798 4041 4250 4294 4591 4691 4804 4820 4892 5298 5354 5379 5527 5652 5745 6301 6319 6354 6403 6420 6429 6500 6579 6595 6605 6633 6665 6725 6743 6766 6778 6824 6835 6862 6876 6878 6879 6909 6922 6963 6972 6982 
	}
	buildings_max_level_factor=1.000
        manpower=1
        state_category = town
}
