state={
	id=200
	name="STATE_200"
	provinces={
		57 73 254 256 282 483 490 647 672 681 698 797 854 875 994 1090 1121 1379 1506 1620 1624 1667 1803 1967 2130 2159 2326 2437 2634 2650 2913 3010 3034 3050 3079 3314 3505 3686 3759 3833 3871 3960 3994 4031 4072 4146 4192 4207 4281 4492 4545 4547 4891 5218 5275 5354 5442 5521 5533 5751 8385 8398 8399 8413 8431 8453 8460 8486 8487 8494 8495 8507 8519 8537 8538 8552 8565 8575 8588 8611 8618 8647 8654 8707 8740 8741 8784 8798 
	}
	buildings_max_level_factor=1.000
        manpower=1
        state_category = town
}
