state={
	id=21
	name="STATE_21"
	provinces={
		85 157 162 168 204 222 331 543 546 550 738 790 798 820 826 860 866 978 1097 1127 1151 1308 1312 1323 1349 1417 1575 1610 1708 1712 1714 1837 1978 2024 2070 2155 2313 2367 2379 2391 2423 2432 2435 2450 2530 2668 2700 2744 2809 2888 2904 2912 2971 2985 2987 3064 3094 3164 3301 3335 3382 3416 3537 3577 3594 3611 3630 3718 3723 3728 3815 3848 3862 3881 3938 3969 4020 4071 4147 4264 4383 4390 4444 4566 4609 4629 4630 4706 4713 4822 4867 4870 4878 4996 5073 5114 5126 5270 5280 5359 5447 5509 5517 5542 5710 5740 5760 5844 6250 6259 6275 6299 6300 6324 6326 6327 6328 6348 6365 6366 6369 6370 6374 6375 6393 6394 6412 6423 6425 6436 6449 6453 6454 6457 6472 6474 6486 6498 6505 6527 6529 6534 6553 6559 6560 6590 6598 6599 6622 6638 6642 6649 6653 6663 6694 6707 6719 6733 6734 6746 6751 6758 6776 6784 6787 6810 6811 6822 6845 6849 6852 6853 6862 6866 6889 6903 6904 6911 6916 6936 6939 6945 6952 6956 6962 6967 6986 6988 6997 7020 7051 7101 
	}
	buildings_max_level_factor=1.000
        manpower=1
        state_category = town
}
