state={
	id=211
	name="STATE_211"
	provinces={
		30 228 347 397 415 601 864 952 1028 1092 1161 1587 1675 1711 1891 1949 1982 2232 2277 2310 2681 2834 2866 2868 2980 2997 3082 3120 3158 3178 3185 3297 3442 3446 3528 3684 3694 3995 4233 4467 4518 4575 4779 4817 4897 4917 4987 5000 5134 5257 5296 5309 5652 5778 5787 8686 8739 8760 8803 8811 8830 8840 8841 8856 8882 8910 8928 8933 8956 9013 9017 9031 9043 9080 9091 9092 9115 9130 9152 9156 9161 9163 9173 9184 9186 9188 9191 9197 9199 9200 9206 9209 9212 9216 9219 9222 9223 9228 9230 9234 9235 9240 9246 9250 9251 9255 9260 
	}
	buildings_max_level_factor=1.000
        manpower=1
        state_category = town
}
