state={
	id=213
	name="STATE_213"
	provinces={
		26 54 250 394 499 891 1021 1117 1687 1845 1853 1877 1907 2026 2059 2260 2419 2806 2820 3208 3216 3269 3384 3427 3501 3582 3637 3664 3926 3947 4161 4262 4294 4532 4776 4836 4968 5024 5025 5219 5317 5346 5403 5420 5468 5491 5649 5736 5784 8670 8775 8824 8832 8857 8863 8864 8867 8868 8874 8890 8907 8911 8912 8922 8940 8961 8977 8983 8989 8990 9002 9008 9010 9036 9093 9113 9116 9148 9169 9192 9193 9203 9210 9224 9231 9236 9244 9247 9248 9252 9257 9264 
	}
	buildings_max_level_factor=1.000
        manpower=1
        state_category = town
}
