state={
	id=215
	name="STATE_215"
	provinces={
		19 495 536 795 921 967 1000 1188 1230 1289 1547 1777 2189 2216 2228 2482 2505 2564 2727 2737 2947 2973 3045 3117 3189 3215 3319 3351 3359 3515 3575 3598 3693 3695 3895 3911 3921 4033 4112 4220 4699 4724 4773 4812 4875 5026 5163 5222 5297 5373 5471 5753 8805 8810 8833 8843 8877 8884 8905 8939 8945 8966 8975 8981 9015 9016 9025 9028 9032 9042 9047 9050 9054 9063 9069 9070 9078 9079 9088 9090 9095 9096 9100 9101 9102 9103 9114 9119 9120 9125 9126 9137 9140 9158 9165 
	}
	buildings_max_level_factor=1.000
        manpower=1
        state_category = town
}
