state={
	id=220
	name="STATE_220"
	provinces={
		35 63 82 89 261 273 310 316 338 340 359 384 424 434 445 487 671 799 870 906 988 989 1015 1190 1245 1271 1302 1350 1395 1479 1514 1517 1543 1592 1691 1735 1774 1781 1922 2015 2038 2074 2075 2078 2092 2172 2345 2725 2910 2974 3032 3033 3036 3057 3134 3234 3272 3507 3599 3635 3739 3787 3857 4027 4064 4280 4794 4962 4972 5003 5066 5100 5527 5551 9283 9324 9330 9344 9346 9354 9367 9369 9411 9423 9452 9477 9484 9489 9493 9497 9502 9517 9527 9553 9628 
	}
	buildings_max_level_factor=1.000
        manpower=1
        state_category = town
}
