state={
	id=228
	name="STATE_228"
	provinces={
		676 900 965 1449 1733 1855 2004 2279 2323 2384 2611 3111 3324 3493 3502 3616 3661 3719 3993 4007 4475 4551 4893 4959 4964 5121 5190 5199 5258 5341 5504 5571 5899 9633 9643 9645 9646 9649 9658 9668 9671 9675 9683 9684 9685 9686 9692 9695 9696 9697 9704 9706 9708 9710 9712 9716 9717 9720 9723 9724 9726 9727 9730 9731 9733 9736 9738 9741 9743 9744 9745 9751 9752 9757 
	}
	buildings_max_level_factor=1.000
        manpower=1
        state_category = town
}
