state={
	id=237
	name="STATE_237"
	provinces={
		43 127 267 283 298 576 686 847 894 1036 1131 1274 1428 1525 1964 2180 2194 2222 2225 2229 2328 2646 2735 2744 3087 3282 3315 3347 3567 3642 3651 3657 3664 3754 3865 3902 3911 3992 3996 4066 4342 4411 4427 4505 4517 4745 4969 5002 5107 5144 5270 5308 5452 5467 5472 5490 5496 5513 5580 6534 6568 6576 6584 6610 6647 6648 6692 6699 6707 6712 6723 6746 6753 6768 6787 6791 6797 6836 6853 6860 6873 6877 6903 6904 6923 6930 6936 6945 6949 6961 6968 6975 
	}
	buildings_max_level_factor=1.000
        manpower=1
        state_category = town
}
