state={
	id=242
	name="STATE_242"
	provinces={
		55 623 654 838 880 928 1037 1175 1264 1486 1508 1860 1879 1880 2058 2157 2462 2604 2733 2782 2833 3001 3059 3148 3193 3301 3390 3493 3749 3810 3940 4033 4124 4187 4288 4331 4348 4353 4660 4698 4826 4834 4864 5049 5129 5143 5169 5200 5319 5333 5338 5599 5707 5719 5721 5747 6512 6517 6530 6548 6552 6563 6571 6578 6585 6600 6604 6618 6619 6623 6624 6625 6630 6636 6641 6645 6649 6650 6656 6664 6669 6673 6677 6682 6688 6693 6694 6704 6708 6713 6717 6724 6727 6729 6736 6740 6749 6757 6758 6763 6764 6765 6769 6777 6779 6794 6795 6796 6798 6799 6817 6818 6819 6825 6946 6957 6958 6970 6971 6981 6999 7001 7030 7036 7039 7048 
	}
	buildings_max_level_factor=1.000
        manpower=1
        state_category = town
}
