state={
	id=268
	name="STATE_268"
	provinces={
		102 345 400 499 530 558 602 636 874 888 1105 1126 1145 1323 1366 1476 1544 1603 1611 1613 1677 1804 1975 2012 2099 2169 2357 2361 2461 2492 2547 2629 2636 2654 2669 2795 2814 2815 2819 3056 3105 3286 3328 3483 3572 3698 3766 3780 3840 3947 4089 4140 4321 4496 4548 4580 4667 4991 5350 5556 5635 5710 7148 7165 7184 7186 7194 7205 7209 7222 7223 7228 7233 7257 7258 7259 7280 7284 7290 7292 7301 7314 7316 7322 7329 7330 7355 7365 7366 7383 7396 7399 7408 7409 7413 7418 7423 7436 7452 7455 7490 7499 7530 7535 7542 7563 7586 
	}
	buildings_max_level_factor=1.000
        manpower=1
        state_category = town
}
