state={
	id=274
	name="STATE_274"
	provinces={
		294 468 470 694 724 739 770 1311 1355 1568 1585 1607 2021 2221 2402 2485 2626 2643 2686 3043 3183 3232 3424 3427 3520 3587 3709 3722 3959 4337 4447 4559 5019 5149 5190 5456 5524 5730 5740 7241 7248 7268 7271 7294 7295 7297 7299 7318 7320 7325 7345 7346 7348 7352 7359 7363 7369 7374 7378 7379 7394 7401 7425 7431 7432 7442 7449 7464 7467 7471 7477 7485 7504 7507 7510 7519 7524 7526 7538 7547 
	}
	buildings_max_level_factor=1.000
        manpower=1
        state_category = town
}
