state={
	id=34
	name="STATE_34"
	provinces={
		22 50 66 92 179 180 234 253 328 382 405 503 554 585 587 639 654 703 708 747 769 808 816 918 938 1069 1146 1183 1225 1279 1366 1375 1376 1440 1466 1467 1496 1532 1578 1591 1638 1656 1668 1689 1739 1755 1757 1882 1899 1901 1930 1935 1936 1941 1966 1974 2046 2055 2140 2214 2235 2237 2259 2273 2347 2399 2404 2440 2516 2621 2653 2732 2770 2777 2798 2856 2984 3003 3077 3130 3235 3309 3376 3408 3455 3511 3530 3565 3789 3800 3825 3903 3935 3936 3998 4019 4029 4062 4166 4208 4226 4230 4295 4318 4322 4331 4336 4387 4432 4480 4482 4523 4558 4561 4621 4673 4753 4819 4844 4880 5019 5049 5055 5056 5062 5083 5084 5102 5148 5165 5178 5241 5273 5303 5308 5384 5394 5405 5415 5424 5438 5496 5577 5588 5620 5623 5627 5632 5647 5654 5661 5672 5688 5717 5727 5733 5801 5883 5889 6410 6442 6452 6456 6462 6463 6491 6494 6512 6513 6523 6526 6531 6535 6545 6546 6547 6548 6551 6566 6569 6574 6579 6580 6583 6588 6600 6605 6609 6616 6617 6619 6627 6640 6641 6643 6644 6645 6646 6652 6657 6658 6667 6668 6684 6685 6686 6690 6692 6696 6697 6698 6705 6706 6712 6713 6714 6716 6717 6723 6732 6736 6740 6741 6744 6745 6750 6757 6761 6762 6763 6766 6769 6770 6774 6775 6780 6781 6782 6786 6790 6791 6794 6795 6804 6816 6817 6821 6826 6827 6828 6830 6832 6835 6844 6847 6848 6856 6859 6860 6861 6864 6873 6874 6884 6895 6896 6901 6913 6922 6933 6944 6969 6974 6982 6994 6999 7002 7009 7027 7047 7050 
	}
	buildings_max_level_factor=1.000
        manpower=1
        state_category = town
}
