state={
	id=34
	name="STATE_34"
	provinces={
		536 823 895 932 972 979 1019 1064 1133 1154 1293 1423 1573 1673 1717 1727 1813 1832 1851 1876 1923 1984 2041 2426 2672 2796 2968 2976 3058 3133 3157 3244 3277 3310 3456 3539 3582 3588 3807 3815 3919 3970 4083 4205 4222 4458 4460 4499 4764 4787 4816 4875 4888 4985 5339 5372 5402 5418 5593 5653 5723 6296 6320 6336 6347 6350 6361 6370 6401 6408 6414 6415 6423 6427 6428 6436 6447 6458 6475 6476 6482 6483 6489 6498 6502 6503 6508 6509 6527 6528 6529 6533 6547 6551 6570 6577 6583 6599 6609 6613 6655 
	}
	buildings_max_level_factor=1.000
        manpower=1
        state_category = town
}
