state={
	id=40
	name="STATE_40"
	provinces={
		96 216 296 520 627 1013 1116 1651 1654 2127 2135 2365 2702 2781 2955 3016 3116 3463 3523 3545 3697 3778 3822 3913 4030 4158 4204 4221 4463 4583 4599 4640 4649 4715 4749 5094 5109 5255 5454 5466 5677 5788 5858 5884 6478 6497 6503 6542 6558 6578 6597 6614 6626 6636 6662 6674 6675 6701 6704 6715 6726 6756 6765 6779 6796 6797 6808 6834 6854 6863 6890 6899 6905 6912 6921 6929 6938 6943 6947 6961 6992 7026 7044 7071 
	}
	buildings_max_level_factor=1.000
        manpower=1
        state_category = town
}
