state={
	id=465
	name="STATE_465"
	provinces={
		21 89 149 218 259 333 519 737 778 814 957 961 1007 1139 1318 1348 1429 1440 1555 1701 1914 1952 2082 2329 2387 2516 2530 2582 2585 2697 2900 2913 2960 3048 3108 3111 3261 3317 3323 3360 3367 3426 3545 3676 3736 3964 3977 3987 4010 4252 4258 4280 4355 4600 4673 4674 4742 5011 5094 5185 5219 5281 5293 5352 5382 5663 5742 9218 9229 9233 9247 9259 9260 9265 9267 9269 9274 9275 9276 9277 9280 9290 9293 9294 9300 9301 9302 9304 9305 9309 9310 9312 9335 9338 9340 9347 9348 9351 9354 9367 9371 9377 9384 9385 9389 9398 9419 
	}
	buildings_max_level_factor=1.000
        manpower=1
        state_category = town
}
