state={
	id=7
	name="STATE_7"
	provinces={
		6 175 344 349 465 474 538 702 821 893 945 954 1019 1213 1280 1535 1677 1821 1883 1926 1986 2121 2188 2344 2456 2480 2532 2767 2825 2916 2965 2986 3020 3438 3562 3670 3708 3724 3761 4155 4200 4243 4246 4248 4746 4825 4906 4929 5120 5349 5579 5611 5689 5808 5956 5959 5963 5971 5975 5986 5987 5994 6004 6028 6053 6054 6069 6071 6072 6095 6098 6112 6118 6134 6135 6148 6149 6158 6166 6167 6187 6194 6195 6201 6204 6211 6228 6240 6245 6247 6251 6262 6269 6288 6301 6303 6310 6318 6337 6371 6380 6405 
	}
	buildings_max_level_factor=1.000
        manpower=1
        state_category = town
}
