
state={
	id=1
	name="STATE_1"

	provinces={
		42 54 69 101 125 149 343 357 457 478 499 532 568 587 593 604 610 630 639 674 715 752 845 895 906 917 957 979 1023 1028 1080 1085 1158 1177 1198 1216 1229 1236 1257 1266 1287 1306 1376 1380 1441 1446 1448 1487 1514 1532 1542 1547 1586 1592 1607 1621 1645 1754 1775 1813 1831 1858 1947 1951 1953 2012 2027 2041 2045 2060 2079 2084 2154 2165 2208 2272 2326 2388 2446 2448 2525 2550 2553 2561 2580 2605 2606 2619 2672 2674 2704 2712 2716 2718 2719 2772 2871 2908 2924 2948 2956 2981 3030 3058 3089 3094 3140 3146 3196 3278 3307 3330 3348 3353 3370 3380 3381 3500 3526 3550 3572 3599 3640 3703 3746 3812 3813 3851 3863 3906 3920 3926 3941 4007 4015 4023 4056 4075 4090 4098 4158 4208 4221 4272 4286 4318 4351 4364 4478 4488 4501 4503 4528 4541 4545 4663 4673 4685 4722 4727 4766 4767 4803 4870 4914 4915 4925 4951 5009 5149 5178 5342 5383 5435 5463 5481 5511 5520 5536 5557 5570 5613 5642 5663 5759 5768 5799 5819 5869 6010 6030 6115 6201 6235 6242 6268 6270 6271 6273 6278 6281 6287 6290 6291 6293 6299 6300 6305 6313 6318 6320 6326 6327 6329 6331 6332 6333 6336 6339 6340 6341 6342 6346 6353 6359 6367 6374 6381 6391 6400 6401 6402 6409 6419 6428 6439 6443 6445 6461 6467 6477 6498 6512 6533 6534 6552 6569 6582 10192 10205 10267 10293 10422 10504 10505 10586 10601 10637 10701 10766 10776 10847 10926 10950 10960 10989 11007 11025 11031 11048 11097 11115 11123 11135 11168 11169 11180 11181 11191 11227 11228 11229 11236 11237 11247 11257 11263 11293 11294 11301 11302 11335 11357 11367 11368 11381 11412 11420 11427 11439 11440 11454 11457 11481 11499 11534 11543 11553 11554 11564 11591 11592 11601 11606 11622 11647 11654 11655 11656 11662 11673 11674 11682 11683 11711 11712 11717 11722 11728 11747 11754 11772 11773 11774 11775 11790 11791 11792 11800 11803 11807 11808 11825 11829 11837 11842 11852 11853 11854 11859 11870 11879 11883 11888 11902 11926 
	}
	buildings_max_level_factor=1.000
	state_category = town
	manpower = 322900
}
