state={
	id=10
	name="STATE_10"
	provinces={
		14 24 30 60 94 134 168 259 269 358 419 425 467 468 486 494 520 531 570 589 620 635 652 656 663 739 766 785 834 842 863 892 912 927 945 980 1027 1033 1060 1071 1074 1102 1173 1194 1223 1225 1243 1252 1337 1361 1399 1501 1630 1653 1657 1799 1809 1891 2080 2123 2158 2164 2182 2189 2264 2294 2295 2317 2347 2372 2378 2395 2406 2549 2552 2563 2571 2588 2590 2629 2660 2692 2728 2737 2888 2988 3048 3084 3178 3252 3276 3296 3321 3334 3361 3365 3403 3459 3574 3603 3729 3739 3783 3784 3797 3859 3876 3950 3972 4064 4069 4087 4123 4140 4173 4223 4227 4292 4300 4355 4431 4437 4502 4551 4611 4655 4703 4726 4769 4776 4809 4829 4871 4912 4929 4979 5057 5064 5171 5177 5200 5224 5242 5280 5281 5384 5616 5618 5639 5648 5666 5670 5713 5718 5738 5800 5808 5825 5870 5880 5890 5952 5981 6016 6130 6198 6243 6251 6432 6438 6473 6493 6494 6496 6497 6501 6524 6525 6529 6565 6577 6585 6590 6591 6601 6619 6625 6639 6644 6655 6656 6660 6665 6688 6698 6715 6733 6738 6743 6751 6767 6777 6785 6797 6807 6808 6827 6828 6843 6860 6883 6899 6915 6919 6922 6941 6942 6958 6976 6988 6994 7000 7004 7009 7010 7011 7020 7021 7022 7023 7029 7033 7034 7037 7038 7043 7044 7052 7054 7057 7063 7064 7065 7069 7074 7078 7088 7096 7097 7098 7114 7115 7116 7118 7125 7126 7127 7130 7132 7139 7144 7145 7147 7148 7152 7153 7157 7164 7167 7172 7176 7179 7197 7203 7204 7205 7207 7216 7223 7232 7233 7236 7237 7238 7247 7248 7258 7259 7260 7264 7270 7271 7278 7286 7287 7291 7294 7295 7306 7324 7325 7334 7352 7363 7364 7391 7399 7435 7473 7474 7495 7499 7525 7532 7544 7545 7548 7549 7559 7568 7581 7587 7613 7614 7644 7657 7659 7680 7690 7697 7722 7723 7724 7741 7748 7783 7814 
	}
	buildings_max_level_factor=1.000
        manpower=1
        state_category = town
}
