state={
	id=108
	name="STATE_108"
	provinces={
		58 195 240 322 382 423 498 649 696 772 824 902 926 968 1008 1048 1081 1136 1147 1233 1518 1737 1761 1815 1825 1865 1881 1924 1980 2028 2039 2098 2119 2152 2240 2443 2455 2461 2486 2506 2598 2612 2654 2733 2739 2786 2787 2816 2876 2954 2971 2972 3050 3090 3157 3193 3258 3274 3298 3317 3326 3452 3472 3520 3571 3584 3717 3741 3855 3910 3973 4045 4102 4405 4416 4440 4450 4461 4509 4664 4702 4794 4882 4890 4921 4934 5004 5053 5098 5109 5166 5203 5263 5287 5308 5315 5327 5371 5382 5387 5457 5469 5506 5533 5586 5597 5676 5690 5707 5722 5735 5742 5744 5774 5777 5874 5920 5935 6077 6096 6140 6144 6151 6168 6178 6207 6216 6230 10333 10457 10460 10513 10559 10584 10585 10612 10613 10652 10657 10669 10694 10695 10700 10728 10736 10737 10748 10758 10775 10803 10804 10831 10846 10857 10894 10906 10912 10913 10925 10948 10949 10967 10976 10987 10988 11006 11024 11047 11061 11062 11063 11082 11096 11122 11134 11140 11146 11158 11162 11163 11175 11179 11190 11203 11213 11226 11235 11246 11256 11267 11268 11269 11270 11281 11282 11289 11290 11312 11313 11315 11316 11317 11333 11334 11339 11340 11348 11356 11366 11380 11386 11387 11388 11402 11403 11404 11411 11425 11426 11438 11451 11452 11453 11468 11472 11478 11479 11480 11488 11493 11494 11496 11497 11498 11505 11506 11517 11518 11519 11520 11525 11526 11531 11532 11533 11541 11542 11548 11552 11562 11563 11577 11578 11580 11590 11600 11604 11605 11612 11613 11621 11626 11627 11639 11640 11641 11642 11646 11653 11659 11660 11661 11666 11678 11679 11680 11681 11695 11696 11700 11703 11721 11734 11735 11740 11741 11767 11768 11778 11799 11812 11819 11820 11824 11828 11839 11851 11865 
	}
	buildings_max_level_factor=1.000
        manpower=1
        state_category = town
}
