state={
	id=113
	name="STATE_113"
	provinces={
		41 196 199 272 390 514 523 753 762 778 811 822 942 996 1018 1045 1148 1263 1284 1298 1352 1407 1428 1470 1492 1503 1553 1556 1575 1603 1614 1622 1637 1674 1700 1744 1811 1863 1870 1887 1894 1914 1915 1972 1998 2034 2108 2201 2253 2267 2304 2330 2331 2350 2408 2410 2530 2592 2601 2604 2722 2874 2887 2958 2959 3004 3098 3135 3159 3163 3167 3204 3349 3389 3491 3497 3544 3632 3764 3809 3828 3834 4067 4106 4135 4150 4217 4264 4277 4308 4313 4316 4317 4321 4399 4415 4453 4556 4582 4599 4617 4648 4708 4828 4932 4952 5055 5068 5103 5142 5173 5207 5257 5285 5302 5316 5373 5404 5415 5512 5522 5578 5723 5745 5867 6011 6022 6045 6067 6078 6190 6213 6249 10797 10827 10852 10878 10931 10932 10943 10957 11004 11013 11028 11092 11101 11119 11128 11129 11167 11172 11195 11196 11202 11211 11217 11242 11243 11259 11260 11261 11262 11265 11266 11273 11278 11279 11285 11286 11305 11306 11307 11323 11324 11325 11329 11330 11336 11337 11338 11345 11346 11347 11352 11361 11362 11373 11374 11375 11377 11383 11384 11385 11391 11392 11394 11395 11396 11397 11401 11410 11417 11422 11429 11430 11431 11435 11436 11442 11443 11444 11445 11446 11447 11456 11460 11461 11465 11474 11484 11485 11486 11495 11502 11507 11510 11511 11514 11515 11521 11522 11523 11524 11539 11550 11551 11558 11559 11567 11568 11569 11570 11571 11574 11575 11583 11598 11610 11611 11620 11625 11633 11634 11635 11638 11645 11652 11665 11672 11677 11686 11693 11694 11699 11701 11708 11709 11715 11716 11731 11732 11733 11739 11743 11744 11746 11751 11752 11760 11765 11785 11795 11796 11797 11798 11806 11810 11816 11817 11834 11835 11836 11848 11858 11862 11872 11889 11905 11909 11910 11923 11928 11945 11947 11962 11963 11966 11968 11983 11988 11989 11993 12003 12009 12026 
	}
	buildings_max_level_factor=1.000
        manpower=1
        state_category = town
}
