
state={
	id=114
	name="STATE_114"
	provinces={
		16 34 36 38 39 40 55 64 84 88 95 104 105 152 160 162 173 183 186 189 192 206 237 241 251 287 315 317 324 325 331 342 356 365 383 392 395 398 439 443 448 504 546 583 606 611 622 659 660 693 700 708 721 814 833 876 897 933 962 1061 1112 1160 1222 1226 1244 1261 1307 1347 1383 1397 1400 1406 1432 1439 1443 1471 1611 1649 1655 1699 1839 1840 1884 1889 1981 1986 1999 2000 2105 2149 2244 2252 2273 2288 2345 2393 2459 2542 2594 2600 2613 2702 2734 2771 2785 2810 2815 2844 2852 2861 2862 2869 2940 3064 3117 3286 3322 3422 3479 3518 3607 3631 3649 3718 3767 3787 3801 3833 3841 3870 3902 3903 3970 3989 4028 4038 4115 4142 4163 4183 4232 4419 4455 4472 4491 4515 4548 4558 4584 4636 4677 4689 4740 4820 4847 4878 4884 4976 5105 5143 5181 5247 5365 5418 5426 5455 5476 5484 5534 5656 5709 5784 5837 5891 6112 6156 6224 10839 10853 10861 10879 10917 10958 10963 10985 11014 11037 11073 11087 11102 11111 11130 11131 11155 11187 11188 11189 11209 11219 11223 11244 11251 11252 11253 11274 11287 11309 11331 11353 11363 11378 11398 11418 11432 11433 11437 11448 11466 11475 11487 11508 11516 11540 11547 11560 11576 11589 11618 11687 11702 11710 11720 11736 11753 11766 11781 11788 11802 11811 11849 11931 11932 11954 11969 11970 11990 11991 12005 12006 12008 12015 12018 12020 12024 12031 12032 12035 12040 12041 12050 12052 12053 12055 12060 12061 12062 12063 12065 12066 12069 12071 12075 12078 12079 12080 12081 12086 12105 12119 12126 12139 12142 12153 12157 12186 12220 12258 12268 12496 
	}
	manpower=1
	buildings_max_level_factor=1.000
	state_category=town
}
