state={
	id=121
	name="STATE_121"
	provinces={
		108 161 252 263 273 346 353 366 380 484 485 492 558 578 678 731 761 784 836 850 925 1040 1088 1199 1267 1336 1374 1408 1499 1524 1610 1661 1714 1736 1807 1810 1970 1977 2133 2259 2314 2361 2431 2653 2671 2680 2681 2698 2828 3017 3386 3435 3505 3512 3625 3630 3847 3947 4146 4170 4193 4207 4234 4279 4328 4372 4392 4400 4430 4632 4681 4688 4713 4734 4741 4757 4863 4910 4965 5049 5128 5147 5185 5248 5298 5311 5368 5434 5440 5518 5598 5651 5737 5785 5916 5953 5982 6002 6009 6039 6127 6133 6169 11814 11856 11861 11881 11885 11886 11918 11919 11922 11927 11936 11944 11952 11953 11955 11964 11965 11976 11985 11986 11997 11999 12002 12011 12012 12017 12019 12021 12023 12025 12030 12036 12039 12043 12045 12046 12047 12056 12057 12059 12067 12068 12072 12083 12085 12087 12088 12090 12092 12093 12094 12096 12100 12104 12106 12107 12108 12113 12114 12118 12124 12133 12134 12137 12140 12143 12145 12148 12154 12159 12161 12167 12172 12176 12177 12185 12190 12192 12199 12202 12203 12208 12209 12214 12216 12221 12223 12224 12227 12234 12236 12237 12239 12242 12246 12309 12324 
	}
	buildings_max_level_factor=1.000
        manpower=1
        state_category = town
}
