state={
	id=123
	name="STATE_123"
	provinces={
		564 670 786 841 971 1092 1103 1161 1256 1264 1278 1285 1437 1458 1484 1563 1589 1631 1838 1903 2078 2099 2140 2255 2344 2376 2584 2645 2659 2721 2806 2986 3116 3160 3262 3475 3543 3659 3714 3723 3730 3748 3769 3877 3911 4034 4200 4235 4444 4642 4822 4839 4880 4996 5017 5045 5047 5106 5107 5112 5117 5186 5250 5438 5497 5540 5552 5569 5804 5824 5856 5943 5949 5950 6021 6050 6055 6070 6141 11823 11850 11864 11882 11887 11890 11894 11907 11911 11920 11925 11940 11941 11949 11956 11959 11960 11972 11977 11979 11984 11994 11995 11998 12004 12007 12013 12014 12016 12022 12027 12029 12033 12034 12038 12042 12049 12058 12073 12074 12076 12084 12097 12098 12101 12103 12110 12112 12115 12117 12121 12122 12128 12131 12135 12147 12149 12151 12155 12158 12163 12165 12170 12179 12180 12182 12183 12191 12196 12200 12205 12207 12212 12217 12219 12222 12230 12231 12235 12238 12240 12248 12260 12263 12264 12266 12273 12277 12278 12284 12292 12293 12297 12299 12300 12310 12311 12321 12322 12326 12329 12336 12337 12338 12346 12352 12353 12355 12356 12367 12369 12385 12400 
	}
	buildings_max_level_factor=1.000
        manpower=1
        state_category = town
}
