state={
	id=14
	name="STATE_14"
	provinces={
		857 938 1086 1491 1926 2175 2437 2444 2512 2520 2630 2677 2759 2907 3014 3102 3218 3245 3409 3411 3480 3644 3658 3688 3820 3827 3843 3992 4114 4120 4144 4179 4500 4941 4966 5038 5044 5073 5211 5293 5881 5918 5946 6007 6250 6643 6654 6679 6680 6691 6709 6714 6723 6732 6736 6765 6766 6772 6792 6795 6796 6814 6822 6841 6842 6849 6850 6856 6868 6869 6872 6874 6875 6879 6882 6897 6898 6905 6907 6908 6910 6912 6913 6914 6928 6938 6939 6940 6946 6951 6952 6965 6968 6979 6980 6982 6987 6991 6992 6993 7003 7005 7014 7019 7042 7051 7077 
	}
	buildings_max_level_factor=1.000
        manpower=1
        state_category = town
}
