state={
	id=144
	name="STATE_144"
	provinces={
		48 146 158 238 260 299 302 375 460 475 522 547 631 634 658 668 707 734 756 797 913 924 928 1055 1056 1142 1149 1338 1344 1353 1386 1404 1411 1424 1450 1452 1479 1506 1525 1565 1572 1613 1615 1628 1634 1652 1668 1687 1727 1866 2010 2035 2102 2112 2126 2216 2243 2352 2360 2362 2436 2450 2457 2534 2559 2625 2723 2724 2742 2811 2836 2884 2905 2952 2964 3051 3111 3128 3137 3172 3186 3188 3216 3259 3266 3282 3283 3340 3393 3492 3516 3573 3586 3601 3671 3701 3726 3791 3802 3805 3811 3883 3891 3896 3960 3977 3999 4010 4011 4033 4086 4137 4175 4196 4238 4243 4255 4320 4346 4376 4402 4511 4547 4577 4650 4659 4675 4690 4810 4817 4827 4840 4858 4862 4874 4938 4963 4967 4974 4998 5020 5135 5141 5301 5323 5350 5423 5449 5452 5475 5485 5505 5514 5556 5662 5695 5734 5748 5778 5794 5795 5817 5831 5832 5850 5892 5942 5961 5963 6052 6105 6113 6149 6170 6204 6241 12370 12375 12376 12381 12384 12390 12394 12395 12398 12399 12401 12404 12411 12413 12414 12416 12417 12420 12424 12425 12426 12427 12431 12435 12436 12441 12442 12447 12448 12450 12453 12454 12455 12460 12463 12468 12471 12472 12473 12477 12480 12481 12487 12494 12495 12499 12502 12508 12513 12515 12520 12524 12528 12529 12530 12534 12537 12538 12542 12549 12550 12551 12552 12554 12557 12559 12562 12563 12564 12567 12569 12571 12572 12576 12577 12580 12583 12586 12587 12589 12592 12593 12595 12596 12597 12598 12599 12600 12601 12603 12604 12605 12606 12608 12609 12610 12611 12612 12613 12615 12616 12617 12618 12619 12620 12621 12622 12623 12625 12626 12627 12628 12629 12630 12631 12632 12633 12634 12635 12637 12638 12639 12640 12641 12642 12643 12644 12645 12646 12647 12648 12649 12650 12651 12652 12653 12654 12656 12657 12658 12659 12661 12662 12663 12664 12666 12667 12668 12669 12670 12671 12672 12673 12674 12675 12676 12677 12678 12679 12680 12681 12682 12683 12684 12685 12686 12687 12688 12690 12691 12692 12693 12694 12695 12696 12697 12698 12699 12700 12701 12702 12703 12704 12705 12706 12707 12708 12709 12710 12711 12712 12713 12714 12715 12716 12717 12719 12721 12722 12723 12724 12725 12726 12727 12728 12729 12730 12731 12732 12733 12734 12735 12736 12737 12738 12739 12740 12741 12742 12743 12744 12745 
	}
	buildings_max_level_factor=1.000
        manpower=1
        state_category = town
}
