state={
	id=16
	name="STATE_16"
	provinces={
		334 435 543 755 855 903 1180 1212 1522 1956 2085 2179 2271 2452 2900 3354 3478 3618 3732 3830 3949 4314 4365 4654 4834 5087 5125 5182 5253 5352 5612 5664 5680 5901 5904 6123 6148 6203 6212 6649 6729 6748 6749 6750 6762 6784 6820 6832 6836 6837 6840 6847 6848 6851 6855 6859 6865 6866 6873 6878 6885 6886 6895 6896 6918 6920 6926 6936 6945 6949 6950 6954 6967 6974 6975 6989 6998 7008 7027 7032 7035 7045 7058 7059 7068 7076 7080 7085 7087 7090 7093 
	}
	buildings_max_level_factor=1.000
        manpower=1
        state_category = town
}
