state={
	id=20
	name="STATE_20"
	provinces={
		70 93 96 103 127 154 208 245 256 319 555 664 791 830 859 867 871 874 888 936 1097 1154 1166 1200 1268 1370 1453 1555 1584 1620 1648 1678 1777 1784 1890 1908 1959 2014 2031 2046 2048 2172 2283 2296 2322 2364 2391 2637 2711 2732 2745 2793 2849 2974 2977 3011 3036 3151 3176 3205 3306 3395 3419 3576 3642 3762 3765 3818 3826 3893 3901 3907 3944 4049 4050 4116 4117 4124 4182 4280 4289 4312 4446 4473 4674 4709 4796 4804 4824 4843 4937 5027 5152 5198 5274 5416 5437 5606 5617 5655 5674 5688 5689 5694 5731 5835 5836 5841 5845 5863 5864 5906 5932 6060 6187 6265 6719 6722 6746 6771 6780 6800 6801 6812 6833 6852 6871 6887 6888 6903 6909 6921 6927 6937 6943 6955 6964 6972 6990 6999 7002 7036 7050 7055 7056 7072 7100 7104 7121 7122 7142 7151 7168 7174 7178 7189 7194 7202 7214 7215 7244 7254 7263 7275 7276 7277 7289 7290 7299 7312 7333 7359 7366 7367 7385 7398 7408 7428 7440 7445 7468 7471 7482 7515 7523 7524 7537 7542 7558 7572 7579 7585 7596 7601 7628 7640 7641 7646 7674 7689 7695 7701 7708 7711 7721 7729 7730 7740 7744 7745 7746 7755 7760 7761 7770 7772 7773 7779 7780 7787 7799 7800 7803 7805 7813 7817 7820 7823 7831 7838 7841 7842 7853 7863 7870 7871 7894 7915 7916 7918 7927 7944 7950 7992 
	}
	buildings_max_level_factor=1.000
        manpower=1
        state_category = town
}
