state={
	id=26
	name="STATE_26"
	provinces={
		321 340 436 471 482 572 911 920 946 1083 1117 1143 1185 1317 1396 1436 1651 1690 1720 1730 1782 2022 2089 2131 2139 2547 2620 2780 2857 2939 3120 3212 3396 3590 3702 3874 3918 4072 4178 4218 4595 4610 4613 4643 4805 5184 5407 5433 5504 5567 5608 5675 5919 6035 6073 6084 6986 7017 7018 7028 7041 7046 7047 7048 7061 7062 7073 7081 7082 7083 7095 7105 7110 7111 7123 7137 7138 7143 7169 7175 7195 7196 7201 7235 7269 7280 7293 7305 7340 7341 7373 7415 7416 7429 7430 7434 7446 7460 7472 7488 7498 7503 7516 7543 7567 7580 7591 7602 7629 7648 
	}
	buildings_max_level_factor=1.000
        manpower=1
        state_category = town
}
