state={
	id=29
	name="STATE_29"
	provinces={
		10 26 144 216 354 362 378 417 510 552 571 577 626 638 642 701 754 760 779 828 998 1016 1037 1070 1134 1238 1247 1354 1367 1398 1456 1457 1460 1465 1558 1633 1711 1806 1842 1899 1971 2196 2198 2297 2318 2340 2404 2472 2513 2518 2591 2610 2656 2685 2765 2773 2801 2903 2927 3022 3072 3101 3192 3292 3299 3303 3332 3342 3368 3468 3470 3524 3646 3677 3761 3892 3953 3978 4128 4161 4187 4224 4448 4454 4621 4789 4812 4814 4903 5023 5077 5082 5138 5159 5268 5314 5615 5763 5781 5792 5844 6174 6264 6947 6966 6973 6981 6983 6984 6985 7040 7071 7084 7086 7092 7107 7108 7113 7119 7135 7149 7155 7166 7221 7226 7229 7255 7256 7267 7284 7285 7320 7322 7371 7395 7463 7478 7540 7552 7556 7574 7610 7625 7636 7651 7658 7662 7717 7731 7754 7794 7796 7797 7806 7811 7827 7837 7840 7848 7859 7872 7873 7877 7886 7908 7939 7957 
	}
	buildings_max_level_factor=1.000
        manpower=1
        state_category = town
}
