state={
	id=33
	name="STATE_33"
	provinces={
		18 114 145 193 225 226 236 274 280 312 323 335 336 385 389 407 427 456 551 586 588 596 717 719 763 815 844 881 887 910 977 1034 1072 1079 1111 1129 1271 1309 1330 1362 1377 1392 1403 1425 1474 1483 1504 1505 1527 1643 1659 1666 1717 1725 1741 1759 1763 1783 1790 1856 1861 1910 1920 1930 1982 1991 2055 2071 2103 2107 2129 2161 2197 2202 2230 2237 2239 2270 2289 2309 2312 2354 2368 2441 2482 2494 2502 2532 2535 2545 2564 2587 2599 2602 2658 2665 2687 2703 2708 2725 2740 2817 2837 2850 2853 2858 2860 2893 2913 2918 2923 2931 2962 2994 3000 3003 3013 3021 3028 3170 3222 3244 3246 3250 3304 3315 3351 3388 3400 3467 3502 3503 3522 3551 3562 3565 3577 3583 3589 3595 3612 3615 3678 3682 3683 3776 3825 3838 3865 3868 3872 3888 3897 3942 3955 3959 3979 4013 4026 4029 4082 4096 4246 4260 4267 4482 4483 4485 4505 4522 4536 4574 4635 4644 4667 4714 4735 4761 4815 4923 4950 4961 4972 4991 4997 5037 5039 5060 5110 5146 5153 5155 5156 5183 5206 5208 5265 5271 5296 5375 5406 5422 5429 5441 5446 5461 5494 5500 5527 5580 5601 5614 5622 5641 5669 5684 5685 5701 5712 5724 5726 5736 5740 5754 5766 5780 5873 5875 5931 5990 6051 6065 6079 6083 6102 6120 6177 6195 6228 6246 6247 7109 7120 7183 7187 7199 7243 7246 7253 7304 7317 7321 7331 7332 7337 7344 7345 7358 7372 7377 7397 7403 7414 7418 7422 7427 7439 7444 7449 7467 7480 7481 7494 7496 7497 7507 7512 7513 7514 7522 7528 7529 7536 7546 7554 7560 7566 7569 7570 7577 7578 7584 7589 7590 7595 7599 7600 7608 7612 7616 7621 7622 7627 7632 7638 7639 7645 7652 7665 7666 7667 7671 7672 7673 7682 7683 7684 7685 7686 7687 7688 7693 7694 7700 7703 7704 7705 7706 7707 7715 7716 7719 7720 7726 7727 7728 7737 7738 7739 7751 7753 7756 7759 7762 7768 7769 7778 7786 7792 7801 7802 7844 7851 7858 7860 7867 7874 7878 7880 7884 7887 7889 7898 7903 7913 7914 7923 7930 7935 7936 7954 7955 7962 7971 7976 7977 7979 7988 7989 7990 7997 7998 7999 8002 8005 8011 8012 8014 8016 8019 8023 8027 8028 8029 8031 8032 8038 8045 8046 8052 8055 8059 8061 8062 8068 8071 8078 8079 8083 8084 8090 8094 8096 8103 8110 8111 8112 8116 8121 8126 8130 8138 8141 8147 8151 8154 8161 8166 8170 8171 8175 8178 8179 8188 8189 8191 8196 8198 8213 8218 8219 8226 8229 8232 8233 8238 8239 8244 8245 8246 8257 8258 8265 8269 8273 8277 8280 8283 8288 8290 8291 8300 8301 8302 8304 8305 8306 8311 8320 8321 8328 8333 8334 8342 8350 8359 8363 8368 8383 8387 8388 8403 8406 8408 8411 8422 8423 8428 8432 8440 8445 8457 8465 8470 8471 8472 8486 8498 8507 8520 8528 8534 
	}
	buildings_max_level_factor=1.000
        manpower=1
        state_category = town
}
