state={
	id=381
	name="STATE_381"
	provinces={
		100 278 654 986 1014 1125 1259 1304 1308 1328 1418 1772 1912 2531 2632 2761 2945 3009 3034 3171 3302 3789 3988 4517 4575 4750 4825 4901 4928 5008 5132 5151 5170 5291 5419 5535 5693 5714 5793 10083 10090 10107 10122 10123 10191 10260 10274 10275 10276 10289 10350 10359 10360 10372 10402 10403 10418 10419 10420 10429 10435 10436 10477 10484 10485 10493 10510 10511 10512 10537 10549 10558 10563 10564 10582 10644 10645 10693 10699 10711 10725 10764 10765 10783 10789 10800 10801 10870 10891 10965 10973 11039 11046 11075 
	}
	manpower=0
	buildings_max_level_factor=1.000
	local_supplies=0.000
}
