state={
	id=44
	name="STATE_44"
	provinces={
		2 61 72 79 86 165 197 248 279 420 446 490 591 617 628 675 741 803 827 935 983 1047 1066 1196 1231 1248 1324 1426 1502 1562 1612 1665 1669 1670 1733 1779 1818 1836 1868 1869 1872 1885 2394 2664 2851 2929 2967 3215 3226 3227 3248 3260 3345 3397 3515 3593 3794 4335 4341 4354 4412 4479 4651 4770 5292 5488 5490 5528 5761 5857 5877 5957 5969 5999 6111 7206 7218 7283 7303 7310 7311 7314 7315 7318 7319 7330 7349 7350 7353 7354 7355 7356 7361 7362 7369 7370 7374 7383 7402 7411 7412 7417 7425 7426 7443 7454 7457 7458 7462 7464 7486 7501 7505 7534 7654 7691 7735 7804 7905 7922 7946 7994 8095 
	}
	buildings_max_level_factor=1.000
        manpower=1
        state_category = town
}
