state={
	id=48
	name="STATE_48"
	provinces={
		53 123 215 243 377 399 506 512 513 581 600 605 667 680 740 743 759 819 837 860 869 1031 1065 1110 1153 1172 1174 1176 1211 1240 1269 1276 1326 1334 1395 1434 1641 1739 1904 1936 1985 2065 2075 2167 2180 2209 2211 2246 2367 2390 2558 2562 2569 2679 2731 2802 2818 2882 3086 3087 3103 3107 3139 3142 3166 3184 3316 3336 3363 3385 3398 3406 3521 3582 3606 3622 3669 3675 3689 3747 3753 3774 3796 3800 3810 3866 3905 3924 3928 3931 3940 3982 4027 4076 4118 4172 4250 4339 4439 4460 4463 4490 4560 4573 4661 4671 4747 4754 4759 4773 4826 4838 4867 4906 4909 4959 5043 5092 5116 5306 5319 5436 5459 5501 5610 5611 5671 5710 5730 5848 5852 5859 5899 5947 5976 5998 6031 6042 6044 6056 6062 6176 6182 7357 7389 7396 7406 7407 7413 7421 7433 7438 7448 7466 7479 7487 7502 7527 7535 7541 7557 7565 7582 7588 7598 7607 7611 7620 7637 7676 7677 7692 7709 7710 7732 7733 7736 7743 7749 7750 7764 7765 7766 7776 7777 7781 7784 7785 7790 7795 7812 7815 7830 7834 7847 7856 7857 7879 7882 7883 7897 7901 7902 7909 7919 7920 7925 7929 7934 7938 7940 7942 7952 7953 7958 7959 7960 7961 7963 7964 7967 7968 7970 7973 7974 7975 7978 7981 7982 7985 7987 7993 7995 7996 8000 8004 8006 8008 8010 8015 8018 8020 8021 8022 8025 8026 8030 8033 8034 8036 8037 8041 8042 8043 8050 8051 8054 8058 8064 8065 8070 8072 8082 8085 8086 8087 8089 8091 8092 8098 8099 8104 8105 8106 8114 8115 8118 8120 8122 8125 8132 8133 8136 8137 8139 8144 8145 8146 8150 8153 8155 8156 8157 8158 8159 8163 8167 8168 8177 8183 8187 8190 8201 
	}
	buildings_max_level_factor=1.000
        manpower=1
        state_category = town
}
