state={
	id=49
	name="STATE_49"
	provinces={
		47 62 98 99 179 254 267 285 310 405 562 580 619 676 690 765 809 919 1030 1122 1138 1144 1293 1318 1327 1511 1602 1672 1686 1689 1697 1773 1791 1992 2059 2225 2226 2514 2616 2840 2926 2933 2942 3020 3033 3044 3165 3257 3314 3446 3554 3580 3758 3785 3934 4019 4020 4022 4091 4160 4305 4381 4497 4579 4597 4819 4949 5013 5088 5202 5431 5447 5544 5628 5645 5711 5752 5855 5922 5955 6126 6179 6226 7555 7586 7597 7603 7634 7643 7647 7649 7678 7679 7696 7712 7788 7907 8075 8325 8347 8353 8389 8390 8413 8430 8434 8435 8442 8446 8452 8460 8480 8481 8491 8492 8503 8514 8515 8522 8531 8532 8544 8550 8557 8560 8578 8581 8582 8601 8607 8677 
	}
	buildings_max_level_factor=1.000
        manpower=1
        state_category = town
}
