
state={
	id=58
	name="STATE_58"
	provinces={
		6 15 90 124 141 188 209 234 271 318 349 352 374 393 449 561 597 627 637 640 710 736 817 861 864 865 907 914 916 949 995 1002 1005 1046 1054 1062 1069 1100 1119 1132 1155 1162 1217 1251 1286 1316 1335 1341 1346 1375 1423 1427 1466 1485 1507 1516 1526 1594 1617 1638 1685 1698 1721 1745 1750 1757 1786 1846 1850 1901 1905 1931 1960 1976 1978 1987 1994 1996 2001 2016 2110 2116 2141 2147 2168 2169 2183 2235 2236 2251 2262 2265 2266 2268 2282 2290 2298 2302 2332 2339 2375 2411 2424 2454 2460 2468 2474 2519 2541 2568 2577 2589 2676 2697 2706 2713 2720 2751 2768 2777 2796 2831 2839 2904 2943 2961 2980 2984 2989 2998 3008 3035 3039 3049 3062 3106 3154 3177 3251 3261 3265 3277 3289 3344 3356 3378 3382 3402 3404 3407 3408 3424 3429 3510 3513 3514 3529 3557 3566 3624 3626 3651 3693 3704 3709 3719 3728 3742 3779 3899 3945 3948 3964 3976 4002 4035 4039 4040 4041 4055 4122 4214 4252 4254 4257 4261 4265 4311 4323 4324 4349 4361 4396 4427 4434 4451 4512 4588 4592 4598 4614 4624 4626 4633 4647 4668 4676 4693 4762 4777 4787 4818 4823 4833 4844 4881 4933 4942 4957 4960 4970 4978 4984 4986 5005 5014 5034 5035 5080 5121 5133 5205 5219 5236 5258 5335 5366 5380 5454 5472 5473 5491 5553 5558 5630 5635 5643 5654 5658 5725 5727 5757 5764 5770 5786 5788 5818 5887 5888 6023 6074 6138 6159 6165 6236 8134 8172 8193 8205 8212 8231 8241 8247 8248 8263 8270 8271 8274 8278 8281 8294 8295 8310 8313 8319 8326 8329 8339 8354 8356 8358 8400 8409 8426 8447 8448 8518 8536 8545 8553 8586 8591 8609 8610 8618 8619 8631 8636 8658 8668 8671 8684 8690 8694 8711 8721 8734 8754 8755 8761 8777 8793 8800 8813 8816 8832 8833 8843 8856 8882 8891 8900 8901 8921 8922 8924 8938 8946 8972 8979 9005 9008 9032 9041 9051 9071 9075 9088 9089 9094 9100 9101 9104 9109 9114 9115 9119 9133 9139 9149 9152 9169 9172 9182 9185 9190 9203 9209 9214 9230 9231 9232 9240 9246 9247 9258 9261 9272 9297 9307 9311 9323 9339 9355 9368 9374 9379 9380 9402 9410 9411 9412 9422 9430 9439 9466 9467 9490 9515 9550 9551 9582 9583 9590 9605 9611 9628 9634 9644 9645 9646 9674 9675 9680 9681 9686 9691 9718 9720 9730 9738 9739 9762 9763 9773 9809 9825 9835 9836 9863 9877 9878 9894 9898 9910 9942 9952 9965 9974 9975 10007 10014 10019 10038 10039 10064 10067 10095 10096 10097 10143 10145 10146 10157 10158 10173 10182 10183 10207 10221 10232 10233 10234 10235 10264 10305 10312 10317 10318 10339 10347 10367 10387 10388 10396 10443 10470 10471 10507 10555 10556 10557 10572 10573 10608 10619 10620 10648 10673 10674 10683 10684 10685 10686 10715 10723 10732 10742 10743 10753 10754 10760 10772 10794 10795 10810 10811 10812 10825 10837 10843 10844 10867 10875 10886 10900 10901 10909 10910 10953 10954 10971 10977 10995 10996 11012 11020 11021 11045 11057 11058 11090 11109 11110 11144 11171 11186 11232 11241 11258 11272 11322 
	}
	manpower=1
	buildings_max_level_factor=1.000
	state_category=town
	local_supplies=0.000
}
