state={
	id=6
	name="STATE_6"
	provinces={
		201 249 276 413 458 625 636 769 790 890 896 969 985 1108 1128 1205 1245 1345 1422 1512 1566 1640 1688 1862 2142 2144 2218 2335 2381 2389 2419 2897 2909 2928 3027 3057 3173 3267 3379 3463 3596 3721 3854 3856 3957 4088 4458 4470 4557 4721 4730 4733 4764 4894 5032 5075 5176 5196 5286 5346 5565 5638 5760 5773 5816 5894 5925 6292 6303 6307 6314 6319 6321 6344 6345 6349 6351 6354 6368 6370 6377 6378 6420 6421 6514 6518 6520 6531 6536 6537 6545 6549 6554 6558 6559 6561 6570 6578 6583 6593 6600 6609 6615 6630 6631 6632 6635 6640 6641 6645 6666 6669 6678 6689 6692 6693 
	}
	buildings_max_level_factor=1.000
        manpower=1
        state_category = town
}
