state={
	id=63
	name="STATE_63"
	provinces={
		8 137 218 307 370 802 813 966 1000 1207 1254 1379 1438 1728 1749 1770 1854 2170 2173 2187 2465 2636 2639 2766 2951 3010 3240 3578 3648 3792 3799 4014 4126 4164 4356 4456 4580 4790 4920 4983 5275 5331 5359 5450 5830 6172 6197 8060 8074 8113 8127 8162 8249 8256 8351 8377 8449 8466 8487 8525 8529 8547 8567 8573 8574 8594 8606 8627 8635 8661 8662 8670 8673 8674 8697 8705 8706 8717 8737 8742 8748 8763 8776 8778 8780 8786 8802 8851 
	}
	buildings_max_level_factor=1.000
        manpower=1
        state_category = town
}
