state={
	id=65
	name="STATE_65"
	provinces={
		35 44 68 74 166 205 210 268 281 289 314 350 379 418 422 432 434 505 528 549 645 684 698 702 718 821 856 999 1009 1017 1050 1067 1090 1104 1156 1164 1179 1249 1260 1292 1303 1333 1360 1429 1464 1496 1510 1530 1538 1557 1623 1642 1662 1676 1766 1781 1882 1911 1921 1934 1973 2009 2015 2047 2073 2081 2083 2122 2143 2219 2229 2233 2316 2329 2349 2383 2385 2426 2430 2476 2521 2527 2538 2578 2628 2747 2776 2783 2807 2863 2866 2868 2885 2899 2911 2921 2947 2975 2976 2979 3012 3071 3122 3200 3233 3237 3325 3343 3375 3432 3440 3448 3461 3474 3498 3527 3575 3600 3619 3674 3716 3845 3853 3862 3908 3917 3939 4063 4068 4077 4094 4145 4162 4228 4230 4240 4249 4268 4295 4326 4337 4340 4401 4432 4459 4464 4475 4525 4594 4672 4678 4813 4886 4922 4939 5030 5081 5090 5111 5120 5126 5129 5165 5187 5259 5305 5334 5559 5593 5596 5602 5604 5698 5787 5871 5872 5878 5924 5994 5995 6003 6069 6076 6086 6121 6143 6162 6180 6192 6208 6223 8299 8479 8524 8559 8564 8565 8566 8572 8584 8593 8605 8612 8613 8626 8638 8639 8640 8644 8648 8669 8679 8680 8686 8704 8716 8724 8741 8747 8775 8779 8785 8794 8806 8815 8818 8826 8865 8866 8878 8886 8887 8893 8906 8908 8911 8917 8933 8943 8948 8956 8957 8973 8974 9009 9010 9011 9021 9030 9033 9034 9044 9045 9055 9060 9065 9076 9096 9097 9106 9124 9126 9127 9157 9159 9165 9166 9186 9192 9193 9197 9202 9205 9223 9224 9243 9250 9251 9266 9285 9312 9324 9335 9346 9347 9362 9371 9376 9383 9395 9405 9413 9419 9426 9434 9435 9451 9457 9458 9468 9469 9474 9475 9486 9504 9510 9519 9524 9525 9526 9534 9544 9559 9572 9580 9581 9600 9618 9625 9629 9638 9648 9666 9670 9682 9683 9693 9694 9695 9704 9708 9731 9749 9750 9758 9765 9788 9805 9812 9813 9819 9829 9838 9854 9865 9866 9867 9872 9889 9899 9900 9915 9927 9934 9939 9961 9986 9995 10052 10059 10105 10135 10223 10237 10306 10375 10390 10391 10397 10455 10473 
	}
	buildings_max_level_factor=1.000
        manpower=1
        state_category = town
}
