state={
	id=69
	name="STATE_69"
	provinces={
		1 107 122 180 185 190 202 222 232 239 303 338 341 404 424 441 472 476 489 508 518 573 624 648 681 705 747 789 799 832 835 847 848 851 879 929 944 976 992 1019 1025 1035 1041 1042 1044 1084 1105 1114 1115 1123 1139 1150 1170 1191 1208 1210 1234 1272 1302 1351 1357 1381 1433 1440 1447 1463 1469 1482 1493 1528 1536 1548 1583 1585 1600 1618 1625 1660 1680 1681 1693 1707 1724 1729 1731 1746 1765 1792 1808 1823 1849 1851 1876 1880 1888 1892 1913 1918 1927 1932 1935 1954 2013 2017 2044 2058 2072 2095 2109 2124 2132 2184 2194 2199 2228 2245 2276 2277 2285 2293 2303 2305 2324 2336 2337 2343 2403 2415 2425 2429 2439 2442 2479 2480 2481 2485 2490 2493 2508 2546 2565 2608 2614 2643 2650 2652 2695 2714 2729 2736 2767 2779 2820 2833 2841 2846 2880 2881 2901 2953 3038 3052 3053 3082 3104 3109 3113 3124 3162 3187 3194 3207 3208 3263 3272 3275 3324 3372 3415 3458 3493 3496 3499 3508 3536 3540 3541 3553 3567 3569 3610 3663 3664 3668 3673 3679 3713 3724 3743 3745 3752 3760 3775 3777 3778 3781 3790 3795 3806 3807 3814 3821 3842 3857 3873 3894 3913 3933 3943 3956 4030 4046 4065 4108 4109 4136 4159 4166 4169 4188 4192 4194 4213 4244 4287 4303 4333 4350 4352 4368 4369 4373 4374 4384 4407 4477 4521 4530 4546 4578 4586 4596 4603 4604 4605 4620 4622 4634 4670 4683 4684 4695 4725 4728 4729 4739 4758 4771 4791 4797 4807 4842 4854 4857 4875 4895 4896 4919 4962 4980 4981 4985 4992 4999 5001 5006 5019 5033 5061 5070 5071 5097 5130 5139 5150 5157 5172 5188 5264 5320 5339 5354 5355 5372 5427 5448 5479 5549 5560 5591 5607 5609 5629 5634 5660 5679 5704 5705 5708 5739 5767 5776 5783 5789 5803 5807 5853 5854 5886 5903 5910 5923 5926 5938 5977 6008 6013 6027 6034 6041 6091 6095 6103 6124 6146 6160 6171 6200 6214 6222 6231 6238 6254 6260 8252 8254 8275 8286 8297 8315 8316 8324 8330 8340 8341 8357 8362 8365 8366 8367 8375 8376 8380 8381 8386 8391 8392 8401 8410 8414 8419 8420 8421 8427 8431 8437 8438 8444 8453 8461 8462 8463 8464 8469 8482 8483 8484 8493 8494 8495 8496 8497 8505 8506 8511 8519 8523 8526 8527 8533 8537 8538 8541 8546 8558 8562 8563 8569 8570 8571 8583 8587 8592 8596 8597 8598 8599 8603 8611 8620 8625 8629 8632 8634 8637 8650 8659 8660 8672 8675 8685 8695 8696 8698 8699 8703 8709 8713 8714 8715 8722 8725 8731 8735 8736 8740 8744 8745 8746 8751 8762 8767 8768 8773 8784 8788 8801 8803 8804 8807 8814 8817 8824 8834 8844 8845 8852 8853 8857 8858 8862 8863 8864 8869 8870 8871 8872 8876 8883 8892 8897 8902 8903 8904 8915 8925 8929 8930 8932 8939 8947 8954 8959 8963 8964 8967 8981 8992 8993 8994 8995 8998 8999 9006 9018 9019 9020 9024 9025 9028 9037 9038 9042 9047 9052 9053 9054 9059 9062 9072 9077 9078 9082 9090 9095 9105 9116 9120 9121 9130 9137 9138 9142 9143 9163 9164 9170 9175 9196 9201 9204 9210 9211 9219 9225 9236 9237 9241 9242 9248 9262 9263 9264 9265 9279 9280 9284 9298 9299 9318 9327 9332 9333 9334 9344 9345 9361 9369 9375 9381 9382 9393 9394 9403 9404 9418 9423 9424 9432 9433 9441 9449 9450 9473 9494 9516 9517 9518 9532 9533 9552 9565 9571 9579 9585 9591 9592 9613 9624 9636 9637 9647 9658 9687 9692 9703 9707 9722 9723 9724 9747 9748 9764 9774 9781 9782 9783 9799 9800 9810 9811 9818 9837 9843 9844 9845 9886 9887 9912 9913 9938 9946 9947 9948 9958 9959 9960 9966 9967 9976 9985 9999 10008 10009 10021 10029 10030 10042 10057 10058 10065 10069 10070 10073 10099 10100 10101 10102 10129 10147 10148 10187 10197 10198 10215 10272 10296 10320 10348 10356 10374 10381 10389 10427 10463 10472 10490 10508 10522 10535 10543 10575 10590 10596 10610 10641 10650 10655 10664 10692 10698 
	}
	buildings_max_level_factor=1.000
        manpower=1
        state_category = town
}
