state={
	id=7
	name="STATE_7"
	provinces={
		17 73 175 275 414 431 501 647 812 884 915 950 1096 1152 1159 1237 1581 1587 1627 2106 2221 2224 2338 2366 2487 2627 2662 3121 3234 3509 3545 3620 3710 4148 4185 4276 4781 4935 5016 5213 5456 5771 5790 5884 6323 6328 6337 6347 6350 6372 6389 6398 6417 6422 6434 6441 6442 6454 6465 6466 6474 6483 6484 6511 6551 6574 6592 6599 6608 6622 6628 6629 6650 6651 6653 6659 6664 6668 6672 6683 6687 6690 6696 6702 6720 6730 6734 6735 6754 6755 6759 6763 6775 6781 6788 6794 6806 6813 6816 6834 6838 6853 6889 6904 6931 6956 6957 6978 7016 
	}
	buildings_max_level_factor=1.000
        manpower=1
        state_category = town
}
