state={
	id=71
	name="STATE_71"
	provinces={
		50 75 140 171 311 445 691 714 750 967 1020 1095 1204 1329 1531 1632 1847 1883 1897 2121 2405 2505 2635 2678 2774 2813 2950 3045 3394 3530 3548 3707 3793 3887 4165 4273 4322 4425 4625 4707 4821 4837 4859 4930 5021 5194 5493 5532 5539 5590 5765 5927 5944 5983 6118 6185 6205 8436 8476 8477 8504 8516 8517 8551 8552 8590 8595 8602 8608 8616 8617 8628 8630 8657 8666 8667 8683 8689 8702 8708 8712 8730 8739 8743 8750 8760 8783 8787 8792 8811 8812 8823 8855 8868 8889 8890 8920 8937 8941 8945 8958 8968 8978 8984 9002 9017 9035 9050 
	}
	buildings_max_level_factor=1.000
        manpower=1
        state_category = town
}
