state={
	id=79
	name="STATE_79"
	provinces={
		204 246 292 316 330 397 473 507 716 782 853 923 1012 1421 1513 1650 1663 1704 1751 1771 1826 1829 1853 1916 2032 2040 2176 2206 2278 2544 2821 2886 2941 2949 2995 3070 3076 3108 3132 3164 3219 3235 3297 3431 3592 3637 3638 3685 3938 3987 4052 4216 4310 4325 4386 4445 4452 4630 4652 4742 4831 4873 4902 5240 5272 5439 5445 5769 5779 5889 5912 5933 6006 6033 6248 8875 8916 8923 8935 8950 8951 8983 8987 9007 9015 9031 9040 9046 9048 9067 9068 9069 9074 9080 9081 9083 9084 9086 9093 9098 9102 9107 9111 9112 9113 9117 9123 9131 9135 9141 9144 9145 9150 9151 9154 9160 9168 9174 9177 9178 9183 9194 9198 9200 9215 9220 9226 9234 9238 9253 9255 9267 9281 9282 9286 9287 9291 9300 9301 9304 9309 9313 9325 9328 9340 9356 9377 9406 9421 9443 
	}
	buildings_max_level_factor=1.000
        manpower=1
        state_category = town
}
