state={
	id=85
	name="STATE_85"
	provinces={
		80 368 534 569 609 683 801 875 1342 1498 1573 1691 1695 1732 1875 1909 1989 2024 2087 2125 2215 2377 2387 2414 2456 2488 2710 2758 2854 3065 3073 3202 3230 3416 3652 3772 3991 3995 4084 4457 4537 4559 4657 4660 4746 4968 5024 5046 5115 5237 5238 5278 5442 5492 5515 5646 5673 5762 5805 5828 5882 5951 5974 5996 6046 6134 6153 6217 6257 9359 9448 9493 9503 9540 9542 9548 9549 9570 9589 9604 9610 9617 9632 9633 9654 9664 9668 9669 9673 9685 9698 9699 9719 9729 9736 9743 9756 9771 9777 9778 9785 9794 9802 9814 9815 9823 9848 9849 9858 9859 9882 9905 9924 9925 9932 9937 9956 9970 9971 9982 9983 10012 10017 10025 10033 10049 10050 10063 10084 10109 10126 10144 10150 10204 10226 10292 10299 10361 10405 10421 10437 10458 10459 10487 10514 10583 10593 
	}
	buildings_max_level_factor=1.000
        manpower=1
        state_category = town
}
