state={
	id=88
	name="STATE_88"
	provinces={
		138 599 982 1171 1626 1673 1902 2019 2231 2249 2359 2453 2536 2649 2892 3047 3075 3312 3670 3733 3882 3900 4012 4085 4202 4242 4344 4385 4518 4519 4572 4662 4694 4697 4855 4988 5069 5226 5392 5470 5627 6075 6225 9233 9252 9273 9308 9319 9348 9363 9364 9365 9366 9384 9396 9414 9420 9442 9470 9476 9477 9478 9495 9511 9520 9521 9527 9553 9560 9573 9574 9586 9587 9630 9639 9640 9649 9650 9667 9676 9677 9696 9714 9726 9740 9753 9754 9806 9839 9873 
	}
	buildings_max_level_factor=1.000
        manpower=1
        state_category = town
}
