state={
	id=9
	name="STATE_9"
	provinces={
		43 91 257 284 381 607 686 767 839 937 952 1010 1052 1120 1167 1219 1241 1277 1283 1363 1382 1413 1419 1478 1508 1588 1703 1706 1756 1758 1871 1990 1995 2018 2062 2082 2135 2157 2162 2193 2234 2242 2320 2321 2334 2369 2380 2392 2428 2607 2611 2615 2622 2640 2700 2748 2756 2781 2784 2790 2808 2879 2919 3046 3054 3143 3175 3213 3214 3220 3310 3331 3347 3384 3401 3420 3423 3430 3456 3464 3471 3490 3501 3519 3547 3559 3585 3591 3613 3629 3636 3641 3645 3657 3687 3700 3708 3749 3750 3817 3869 3875 3880 3890 3958 3966 4066 4073 4089 4147 4199 4241 4291 4331 4347 4358 4377 4388 4510 4529 4535 4550 4566 4706 4755 4774 4783 4786 4835 4853 4940 5007 5010 5026 5058 5072 5122 5148 5161 5174 5210 5230 5232 5246 5312 5322 5326 5337 5345 5353 5360 5390 5413 5458 5486 5496 5502 5541 5545 5564 5595 5703 5728 5775 5782 5930 5960 5979 5989 6047 6061 6089 6093 6116 6183 6245 6253 6352 6356 6357 6361 6363 6364 6369 6371 6373 6375 6379 6382 6383 6384 6385 6386 6387 6388 6395 6396 6397 6403 6404 6405 6407 6410 6411 6412 6413 6414 6415 6416 6423 6424 6426 6429 6430 6431 6433 6444 6447 6448 6451 6452 6453 6456 6458 6459 6462 6463 6464 6468 6469 6471 6472 6476 6478 6479 6480 6481 6482 6488 6489 6490 6491 6492 6495 6499 6500 6504 6505 6506 6507 6509 6513 6515 6517 6519 6521 6522 6523 6526 6527 6528 6532 6538 6539 6540 6541 6542 6543 6544 6546 6547 6548 6550 6555 6556 6560 6562 6563 6564 6566 6567 6568 6571 6572 6573 6575 6576 6579 6580 6581 6584 6587 6588 6589 6594 6595 6596 6597 6598 6602 6603 6604 6606 6607 6610 6611 6612 6613 6616 6617 6618 6620 6621 6623 6624 6626 6627 6633 6634 6636 6637 6638 6642 6646 6647 6648 6652 6657 6658 6662 6663 6667 6670 6674 6675 6676 6677 6681 6682 6686 6694 6695 6699 6700 6701 6705 6706 6707 6712 6716 6717 6718 6726 6727 6728 6741 6742 6744 6745 6747 6753 6758 6760 6768 6769 6770 6773 6774 6779 6783 6787 6793 6799 6802 6803 6804 6805 6810 6811 6815 6818 6819 6823 6824 6826 6829 6830 6831 6835 6845 6846 6857 6862 6863 6864 6867 6870 6877 6881 6884 6893 6894 6902 6911 6917 6924 6925 6930 6934 6935 6948 6962 6963 6997 7007 7024 7026 7031 
	}
	buildings_max_level_factor=1.000
        manpower=1
        state_category = town
}
