state={
	id=91
	name="STATE_91"
	provinces={
		100 278 327 359 527 654 703 738 775 798 986 1014 1125 1127 1140 1259 1304 1308 1328 1349 1418 1430 1489 1596 1664 1742 1772 1828 1912 1939 1945 1979 2100 2401 2438 2447 2496 2510 2531 2572 2632 2749 2761 2896 2925 2945 2960 2978 3009 3034 3093 3171 3181 3199 3295 3302 3339 3377 3466 3504 3507 3563 3605 3608 3627 3699 3727 3736 3751 3789 3836 3884 3929 3930 3946 3963 3965 3988 4053 4127 4132 4229 4237 4281 4285 4288 4297 4330 4332 4342 4343 4378 4390 4393 4436 4492 4517 4539 4575 4587 4649 4658 4669 4696 4719 4731 4750 4752 4779 4780 4785 4825 4868 4869 4901 4904 4905 4916 4928 4977 4993 5008 5018 5099 5113 5132 5151 5162 5170 5291 5299 5300 5391 5419 5443 5489 5535 5550 5568 5653 5693 5714 5756 5793 5812 5813 5941 5978 6015 6101 6107 6129 6132 6164 6186 6193 6194 6196 9373 9488 9547 9596 9597 9598 9616 9661 9662 9663 9710 9716 9728 9752 9760 9770 9793 9807 9822 9833 9841 9847 9871 9875 9876 9893 9896 9931 9941 9955 9980 9981 9989 9990 10011 10024 10032 10048 10055 10062 10083 10090 10091 10092 10107 10108 10122 10123 10124 10125 10138 10139 10191 10201 10202 10203 10211 10260 10266 10274 10275 10276 10277 10289 10290 10291 10298 10315 10325 10345 10350 10359 10360 10372 10373 10385 10402 10403 10404 10418 10419 10420 10429 10430 10435 10436 10446 10447 10465 10477 10484 10485 10486 10493 10510 10511 10512 10532 10537 10549 10550 10558 10563 10564 10565 10566 10582 10600 10605 10611 10624 10625 10636 10644 10645 10668 10677 10678 10679 10693 10699 10711 10725 10726 10727 10735 10757 10764 10765 10783 10784 10789 10790 10791 10800 10801 10802 10817 10830 10870 10871 10890 10891 10892 10893 10904 10905 10924 10936 10937 10946 10947 10959 10965 10966 10973 10974 10975 10981 11000 11001 11015 11022 11023 11039 11040 11041 11046 11055 11060 11075 11076 11095 11103 11113 11114 11133 11139 11156 11157 11173 11174 11198 11210 11212 11220 11224 11225 11234 11255 11280 11288 11292 11310 11311 11326 11332 11354 11355 11365 11376 11379 11419 11423 11424 11450 11462 11467 11476 11477 11503 11504 11530 11561 11599 
	}
	buildings_max_level_factor=1.000
        manpower=1
        state_category = town
}
