state={
	id=92
	name="STATE_92"
	provinces={
		4 51 177 394 402 462 465 469 488 603 615 679 729 758 777 862 885 894 989 1022 1068 1145 1213 1265 1315 1420 1461 1636 1684 1718 1814 1893 1895 1940 1965 2113 2156 2163 2213 2220 2274 2348 2413 2573 2804 2812 2865 3007 3023 3095 3112 3147 3206 3241 3390 3405 3412 3414 3417 3426 3445 3485 3533 3611 3715 3744 3815 3822 3829 3932 4071 4074 4105 4149 4168 4195 4222 4236 4379 4383 4403 4406 4423 4495 4498 4508 4532 4567 4593 4637 4806 4832 4931 4994 5063 5195 5199 5229 5235 5376 5525 5579 5581 5588 5589 5699 5861 5968 6049 6098 6110 6210 6244 9431 9440 9460 9584 9612 9623 9635 9702 9721 9746 9780 9798 9817 9828 9853 9864 9885 9911 9943 9957 9998 10020 10027 10028 10040 10041 10051 10068 10080 10087 10088 10098 10117 10128 10159 10160 10168 10174 10184 10185 10186 10195 10196 10214 10222 10236 10246 10247 10248 10269 10270 10271 10283 10284 10319 10329 10330 10340 10355 10368 10379 10380 10413 10433 10434 10451 10452 10453 10454 10481 10482 10501 10502 10519 10520 10521 10527 10528 10529 10574 10589 10604 10609 10632 10633 10634 10649 10661 10662 10663 10675 10687 10706 10707 10716 10724 10733 10744 10745 10761 10813 10826 10838 10845 10876 10877 10902 10941 10942 10955 10956 10978 10984 11035 11036 11072 11086 11091 11099 11100 11118 11145 11161 11166 11178 11194 11201 11222 11233 11250 11264 11299 11300 11328 11371 11372 11416 
	}
	buildings_max_level_factor=1.000
        manpower=1
        state_category = town
}
