state={
	id=95
	name="STATE_95"
	provinces={
		27 59 442 530 559 722 870 1130 1157 1178 1444 1476 1561 1605 1705 2023 2054 2353 2409 2503 2617 2848 2872 2906 3055 3483 3531 3542 3623 3759 3846 3849 4095 4215 4233 4294 4327 4513 4540 4600 4792 4989 5624 6063 6152 9641 9688 9689 9732 9733 9741 9767 9768 9784 9789 9790 9801 9820 9821 9830 9831 9855 9868 9869 9879 9890 9901 9902 9903 9920 9921 9928 9929 9935 9940 9962 9996 10000 10001 10002 10015 10022 10044 10054 10061 10074 10081 10119 10120 10131 10162 10208 10216 10250 10257 10286 10307 10313 10321 10341 10358 10376 10382 10383 10398 10414 
	}
	buildings_max_level_factor=1.000
        manpower=1
        state_category = town
}
