state={
	id=99
	name="STATE_99"
	provinces={
		194 306 364 481 594 699 770 783 792 820 838 997 1036 1089 1098 1113 1288 1356 1389 1459 1545 1551 1564 1580 1624 1696 1822 1827 1879 2025 2069 2117 2155 2373 2648 2764 3043 3123 3127 3217 3221 3425 3633 3786 3803 3878 3912 3935 3990 3994 4220 4263 4389 4410 4520 4590 4631 4782 5051 5100 5223 5234 5255 5279 5369 5480 5584 5592 5623 5677 5681 5733 5858 5865 5908 5973 6071 6109 6266 9930 9936 9968 9987 9988 10016 10136 10149 10163 10169 10199 10200 10224 10239 10251 10258 10287 10288 10308 10309 10314 10322 10331 10342 10344 10369 10370 10371 10384 10399 10400 10401 10415 10416 10417 10428 10444 10445 10456 10464 10474 10475 10476 10483 10492 10509 10523 10531 10545 10546 10547 10548 10579 10597 10598 10599 10622 10623 10643 10667 10676 10688 10689 10709 10710 10734 10747 10756 10774 10782 10788 10799 10814 10815 10816 10829 10842 10855 10856 10864 10869 10889 10903 10911 10919 10920 10935 10980 10986 10999 11054 11059 11112 
	}
	buildings_max_level_factor=1.000
        manpower=1
        state_category = town
}
