state={
	id=160
	name="STATE_160"
	provinces={
		330 701 709 904 1209 1222 1422 1758 1847 2107 2142 2219 2224 2299 3107 3457 3509 3624 3791 4272 4412 4465 4730 4884 4908 4961 5030 5059 5104 5212 5232 5286 5305 5375 5520 5570 5794 6233 6246 6256 6266 6270 6293 6296 6313 6320 6321 6322 6338 6340 6345 6346 6359 6361 6362 6367 6368 6372 6383 6385 6387 6391 6392 6396 6400 6403 6404 6406 6407 6416 6418 6421 6424 6429 6430 6434 6440 6441 6445 6447 6448 6465 6473 6492 
	}
	buildings_max_level_factor=1.000
        manpower=1
        state_category = town
}
