state={
	id=162
	name="STATE_162"
	provinces={
		518 1010 1119 1518 1609 1829 1851 2132 2143 2401 2661 2736 2827 2914 2977 2990 3018 3112 3198 3209 3436 3520 3642 3711 3803 3807 3992 4107 4175 4242 4436 4613 4643 4659 4677 4918 5044 5070 5080 5169 5213 5301 5411 5451 5490 5580 5643 5821 5864 5876 6446 6461 6469 6487 6490 6502 6504 6517 6518 6522 6525 6544 6554 6555 6556 6563 6564 6565 6572 6581 6582 6585 6586 6592 6595 6596 6604 6625 6631 6632 6633 6635 6654 6660 6661 6664 6670 6671 6678 6687 6693 6703 6709 6720 6725 6730 6743 6754 6755 6764 6767 6777 6778 6785 6788 6792 6802 6806 6818 6824 
	}
	buildings_max_level_factor=1.000
        manpower=1
        state_category = town
}
