state={
	id=165
	name="STATE_165"
	provinces={
		62 117 135 413 599 600 834 1370 1382 1426 1472 1704 1748 1766 1905 2057 2252 2293 2329 2684 2803 2831 2881 2905 3139 3249 3263 3296 3894 3986 3999 4054 4156 4254 4270 4357 4477 4500 4501 4507 4548 4591 4708 4847 4937 5119 5208 5328 5552 5616 6760 6768 6814 6838 6839 6851 6855 6871 6879 6883 6893 6894 6900 6907 6908 6909 6923 6930 6932 6948 6950 6977 6987 6993 7001 7029 7036 7045 7058 7064 7076 7077 7102 7103 7127 7131 7152 7193 7204 
	}
	buildings_max_level_factor=1.000
        manpower=1
        state_category = town
}
