state={
	id=195
	name="STATE_195"
	provinces={
		194 211 611 657 767 812 1038 1254 1402 1531 1604 1830 1833 1843 1938 2050 2287 2305 2445 2616 2665 2671 2730 2842 3005 3104 3155 3266 3396 3425 3441 3447 3472 3584 3665 3741 3749 3827 3832 3874 3978 3985 4022 4044 4063 4108 4245 4256 4413 4697 4707 5028 5043 5110 5198 5250 5325 5344 5374 5385 5404 5483 5561 5633 5768 5815 8178 8226 8270 8322 8349 8360 8361 8393 8418 8450 8454 8481 8512 8528 8543 8550 8590 8604 8632 8660 8665 8676 8710 8711 8717 8763 8785 8793 8806 8815 8816 8834 8851 8871 8875 8885 8891 8903 
	}
	buildings_max_level_factor=1.000
        manpower=1
        state_category = town
}
