state={
	id=201
	name="STATE_201"
	provinces={
		229 693 739 985 1039 1071 1239 1338 1401 1475 1612 1644 1681 1802 1962 1993 2147 2148 2173 2294 2386 2416 2447 2526 2582 2645 3084 3109 3186 3188 3388 3483 3650 3868 3873 4253 4362 4569 4665 4771 4950 5183 5214 5265 5277 5350 5353 5429 5507 5584 5681 5738 5807 8307 8314 8333 8359 8378 8397 8419 8439 8464 8480 8483 8502 8505 8509 8510 8514 8545 8547 8581 8594 8617 8623 8634 8657 8661 8672 8705 8767 8821 8839 8850 
	}
	buildings_max_level_factor=1.000
        manpower=1
        state_category = town
}
