state={
	id=206
	name="STATE_206"
	provinces={
		166 173 257 324 352 411 425 527 666 729 766 1002 1030 1184 1241 1477 1489 1527 1842 1928 2094 2278 2324 2420 2446 2452 2485 2606 2619 2766 2787 2958 3015 3271 3318 3407 3474 3489 3551 3656 3674 3699 3760 3765 3770 3860 3959 4018 4138 4266 4274 4290 4368 4550 4579 4687 4725 4809 4933 4960 5108 5329 5487 5544 5696 5746 8508 8525 8540 8574 8606 8621 8653 8669 8675 8684 8685 8699 8715 8731 8734 8745 8768 8792 8814 8846 8866 8906 8909 8955 9023 9045 9072 9074 9104 9109 9145 9150 9178 9190 9215 
	}
	buildings_max_level_factor=1.000
        manpower=1
        state_category = town
}
