state={
	id=209
	name="STATE_209"
	provinces={
		337 362 404 673 810 845 932 1066 1152 1311 1409 1447 1760 2207 2385 2463 2638 2874 2882 2908 3026 3341 3701 3916 3933 4013 4058 4105 4119 4377 4472 4488 4722 4806 4903 5149 5477 5626 5657 5780 5806 8506 8586 8652 8668 8698 8774 8788 8818 8823 8829 8862 8895 8898 8932 8951 8954 8982 8988 9001 9051 9055 9083 9107 9108 9111 9112 9127 9131 9132 9135 9138 9144 9155 9159 9160 9171 9177 
	}
	buildings_max_level_factor=1.000
        manpower=1
        state_category = town
}
