state={
	id=214
	name="STATE_214"
	provinces={
		1 4 12 332 794 920 1055 1235 1371 1504 1658 1662 1673 2040 2109 2146 2256 2387 2451 2672 2707 2845 2953 3133 3145 3175 3256 3283 3481 3593 3750 3801 3853 3899 4193 4409 4421 4485 4486 4581 4719 4781 4971 5151 5210 5216 5249 5378 5393 5465 5497 5720 5742 5749 5865 8878 8893 8913 8941 8972 8978 9004 9009 9012 9029 9037 9040 9057 9058 9060 9075 9077 9089 9098 9105 9117 9143 9149 9157 9180 9196 9201 9213 9220 9241 9243 9267 9268 9275 
	}
	buildings_max_level_factor=1.000
        manpower=1
        state_category = town
}
