state={
	id=232
	name="STATE_232"
	provinces={
		281 731 1003 1089 1306 1400 1637 1730 2019 2081 2085 2541 2720 2941 2949 2994 3102 3288 3370 3494 3737 3742 3745 3814 4136 4150 4401 4428 4652 4705 4712 5103 5160 5321 5386 5412 5515 5528 5679 5754 5816 9732 9739 9746 9747 9749 9750 9753 9755 9758 9759 9760 9761 9765 9767 9768 9770 9772 9773 9775 9776 9777 9779 9780 9783 9784 9785 9787 9788 9789 9791 9792 9799 9801 9802 
	}
	buildings_max_level_factor=1.000
        manpower=1
        state_category = town
}
